	LCA.DSS.1	LCA.DSS.2	LCA.DSS.3	LCA.DSS.4	LCA.DSS.5	Mut706F	Mut713M	Mut715M	Mut716M	Mut721F	Mut727M	Mut732F	Mut740M	Mut743F	Mut749F	No.DSS.1	No.DSS.2	No.DSS.3	No.DSS.4	No.DSS.5	s.723141	s.723685	s.725876	s.729697	s.732181	s.735191	s.736540	s.736806	s.742443	s.748485	s.758414	s.763057	s.769399	s.770073	s.775823	s.775839	s.779315	s.779320	s.780982	s.782670	s.795478	s.797355	s.808182	s.827378	Water.DSS.2	Water.DSS.3	Water.DSS.5	WT701M	WT703M	WT707F	WT720F	WT724M	WT728M	WT735M	WT739F	WT748F	WT754F
LCA.DSS.1	0.0	0.6750337434841498	0.3960241807203079	0.4910738025998394	0.7344914225294814	0.7329832886027748	0.6367937553207458	0.7689041552557141	0.8463774684626353	0.8053964941822662	0.7449292395587247	0.7331792055011723	0.8034874715214849	0.7615551347124149	0.6979361610569502	0.5547217257835425	0.4241259524436797	0.5200764056969991	0.48861157099805813	0.6113667118569377	0.7503654629194288	0.7660992486344579	0.6710828371606481	0.6617839519341172	0.616917896107079	0.7384471512550846	0.6951814482219809	0.6815740129585106	0.6786264942929343	0.7674546971596955	0.6765659289075809	0.6363914784291728	0.7834615794656369	0.8070869967825887	0.7294119408711855	0.6468840173452863	0.7914861937050196	0.7025056084779802	0.655710113764371	0.7502926464128047	0.7537193768280411	0.6261212929244543	0.7569265527359182	0.7931737716834265	0.5590558851674562	0.7454996910222155	0.6964064754939757	0.6906320219062977	0.6899469589527173	0.7330220416911253	0.7007026580579958	0.7528908568742698	0.6964382612560717	0.7607126500991628	0.8203820249195717	0.7600954888422005	0.7206413674238569
LCA.DSS.2	0.6750337434841498	0.0	0.5774326914229679	0.49363880084809897	0.6724603663305111	0.8531273424366144	0.6971881436818663	0.8205219942303476	0.886245765996492	0.8096994791107519	0.8558111761166244	0.7099827607096725	0.8492250528634049	0.6401608510342663	0.6779693223584276	0.5870310235497738	0.6624572960281199	0.4991482200884898	0.6976591930111865	0.7789661473615733	0.7159857769019782	0.7912190834259197	0.688222323473364	0.7627491216790735	0.7281128511243505	0.8000561543398476	0.7095875335181191	0.7818487411623002	0.7458578079898242	0.7915984566329733	0.7650831888658827	0.7975867455307166	0.8069929699089708	0.810557150878247	0.765265747654453	0.7296433821915829	0.8120904871153819	0.7622892831774498	0.7336901837436384	0.7830784032732958	0.7799099140817591	0.7087273910983884	0.7338442309915358	0.8652139977395222	0.6911808486536478	0.9095006650729668	0.6500997630875989	0.6935868619977039	0.6476122793885277	0.7105093414309862	0.7634536229436708	0.7619181060167288	0.7273103614090661	0.8135677842890319	0.8499052654821502	0.7595711435761475	0.7125736921867258
LCA.DSS.3	0.3960241807203079	0.5774326914229679	0.0	0.3070648496317397	0.7045815698735507	0.809776668507791	0.7232777848151376	0.8308198512127114	0.8924254482842288	0.8355049883572007	0.8149883647469688	0.6908798954981519	0.8575838498443006	0.6795101789889842	0.7646831963895536	0.6301565887967014	0.5315009879868027	0.6130022131743567	0.571852072321504	0.6994019500048169	0.6585011428897181	0.8043587766861049	0.7273778117118808	0.7413197075310303	0.7357118032918559	0.8127533637888824	0.7462211743637818	0.7964119343303027	0.7364380715351723	0.8043047067486551	0.7703097432307042	0.7558014968461564	0.8192750105110983	0.8384353680530945	0.8062697303279809	0.7578153375387859	0.8230267805983764	0.7527163135967021	0.7109419821660654	0.7995382257540575	0.7936342541377109	0.6849229822383556	0.7520984625562903	0.8812896225137755	0.4963699485525431	0.910055645743633	0.43404700727291745	0.7420185901123016	0.7418964086280476	0.7788102053189373	0.7835717415364466	0.7912343437356352	0.7650265757110202	0.8243118263031957	0.8709495532763292	0.7950828358777249	0.7644516514647881
LCA.DSS.4	0.4910738025998394	0.49363880084809897	0.3070648496317397	0.0	0.6148394397809053	0.815225319735331	0.6679911934717335	0.8246589115682544	0.8950235443309985	0.8398483008898296	0.8199814616667369	0.6943035278997545	0.8610922237364803	0.6882736276202226	0.7169004749074059	0.5786123878725418	0.5121806268072703	0.5393097974926494	0.6052029425268313	0.7108819759155245	0.7329005018411956	0.7803044455024196	0.7307280245517109	0.7439126655283655	0.7231796893001936	0.8138772100857031	0.7490283432446901	0.802420965608721	0.7397112097317292	0.8055854315685295	0.780752331025119	0.7583487684659738	0.8187974886255274	0.838917172778689	0.8060972569768537	0.7488164683112714	0.8007109581107329	0.7553812623857574	0.7064753892024711	0.8062364421524274	0.7937586061551521	0.6895048010629252	0.7549255081144054	0.8807062482442667	0.5627630490614944	0.9131945596582108	0.5185317580382144	0.682136170396125	0.6814762641938729	0.7852657125062492	0.7897588922523647	0.7927931686210551	0.7160794488469056	0.8250742411163444	0.8740844946252859	0.7751986487782128	0.7334811039549168
LCA.DSS.5	0.7344914225294814	0.6724603663305111	0.7045815698735507	0.6148394397809053	0.0	0.9704847568028653	0.8068273887716678	0.9210294792181415	0.9585911943818918	0.96681226534497	0.9725583636664111	0.8487450647607089	0.9591500398955611	0.8465451042381514	0.8307836837404057	0.8471414815940854	0.7608655900378372	0.7952736001684906	0.8391493162575822	0.9971798521208896	0.8425699900376372	0.9425358308026258	0.8775920168867862	0.87198720391777	0.7635067344268862	0.9129229497966659	0.878775748237013	0.8800244413723565	0.9409436706100575	0.9391379555116744	0.8442272160542872	0.8956274657401332	0.920187793638579	0.8706325991722145	0.7925830937026987	0.8172698215472408	0.9470313039357181	0.9447742208642226	0.8753228714651374	0.9616423775867031	0.9245382901321487	0.8711997543179157	0.8863527057887793	0.7653852388093053	0.5636148521379573	0.8289957546853657	0.5999627368950735	0.8115403724542609	0.8091474456504847	0.9643559122982654	0.8444300858785254	0.9484303190262247	0.8250264669485101	0.9225215253011282	0.9440327593729377	0.8670758799085767	0.8479674036049877
Mut706F	0.7329832886027748	0.8531273424366144	0.809776668507791	0.815225319735331	0.9704847568028653	0.0	0.4596693329259129	0.47089235470272606	0.5706974000336485	0.6864571991367489	0.26407398260264936	0.6222564040428731	0.5552427177107331	0.7043095791419496	0.6456240264032138	0.7825994566883668	0.7419284235325493	0.7357177543861881	0.8079934970348129	0.6041924681528051	0.8641698484743866	0.8176601468677831	0.8151889761512352	0.7135735383739392	0.8046411769317826	0.6565995131304586	0.8027143374211517	0.750242753793452	0.7978420957654532	0.8193308577452536	0.8000726374944046	0.6804109196755292	0.8216614310750638	0.9255240326294558	0.7074674772273781	0.8042483972947914	0.843626210629117	0.813416653034233	0.8042296237861805	0.7428891613319651	0.8227108999074201	0.7158996184248511	0.8029853539868267	0.9656182554339788	0.730114245523612	0.9520043481856971	1.0	0.8214407176432044	0.6451861091237664	0.5938618280977429	0.5479386038548457	0.6800490973410508	0.6607629584766028	0.5200733172078372	0.6852344180233725	0.7526448925383734	0.6940930513709623
Mut713M	0.6367937553207458	0.6971881436818663	0.7232777848151376	0.6679911934717335	0.8068273887716678	0.4596693329259129	0.0	0.5744463457736101	0.6511716236092774	0.7567750519643729	0.47914050223454835	0.6125938848328725	0.6417041171533304	0.7011361570571071	0.4790307965135624	0.6405431069651554	0.6026218025529229	0.5126245914503832	0.6965237880369021	0.7158285035709858	0.787726807142123	0.7934511162172796	0.7117974796791644	0.6416604311372999	0.7067845680320017	0.678496850856812	0.6712095460431236	0.7434296197231819	0.7911407861581782	0.7937588575853446	0.7309916810203366	0.6798516774268998	0.8044705316286538	0.8254503550299453	0.6203828117139176	0.6822852658135422	0.8246160896707385	0.8043233451931117	0.7132859469852083	0.7796438138125954	0.79820788421282	0.639759469865506	0.7814719109389118	0.8492575945126207	0.6692567105838567	0.9229657755172196	0.872613175865408	0.6137904760942572	0.4044340801833847	0.6966136048354736	0.47730526523009903	0.6811460093272402	0.5001136272431103	0.5544274469504107	0.7165364833033158	0.6419694045669198	0.5775938859917824
Mut715M	0.7689041552557141	0.8205219942303476	0.8308198512127114	0.8246589115682544	0.9210294792181415	0.47089235470272606	0.5744463457736101	0.0	0.5468238370953372	0.6514811685809438	0.4700303923771922	0.5143920532785983	0.5701679762536946	0.6260286857352607	0.5767990213574837	0.7576255231315603	0.7794112799113173	0.7749046888442563	0.782234698978662	0.7800833303257745	0.8163539743453198	0.7504629835462251	0.7589408878310118	0.7064277527684093	0.7510538276822433	0.605145121575608	0.7486759886584992	0.7165952128525369	0.7382028767036984	0.7250408845161255	0.7487909049324869	0.7324306654879044	0.7604542371655689	0.8634819061996952	0.6529554276677126	0.7522958138272459	0.7809412620809411	0.7568083821308564	0.7651987310498491	0.7419019039833848	0.7645024303473194	0.7589005607340211	0.7429073311046849	0.8977428157235168	0.7490655793455832	0.9126099305019116	0.9585155128782551	0.7535561346304431	0.5574190629534935	0.6111782427340002	0.48389961016643973	0.45474011841427797	0.5899849837235948	0.22914274153520503	0.661828232595316	0.6609021247932833	0.43240132783225066
Mut716M	0.8463774684626353	0.886245765996492	0.8924254482842288	0.8950235443309985	0.9585911943818918	0.5706974000336485	0.6511716236092774	0.5468238370953372	0.0	0.5978398511539174	0.5245466157241941	0.7207773004433712	0.5070797520031923	0.6507543863352605	0.6093463751298733	0.8122271586747474	0.8619678690271368	0.8593440152759299	0.8316026759643818	0.836413929946826	0.893767738700705	0.863043412310682	0.866077130430352	0.8314861130731287	0.8109663032086082	0.7438475357004165	0.8496583387327997	0.8191890049720224	0.8556353080934481	0.8686160025250313	0.8128643684245408	0.8370610667827121	0.8587110508066647	0.9180143638317334	0.713346596358633	0.8482214330682166	0.8737410062297085	0.864996192657165	0.8788496607813628	0.8244718781355715	0.8662615813901318	0.8660566737613917	0.8549908177133123	0.9526221432176774	0.7872466558783492	0.936998902606717	0.9864679634505957	0.7451652777963619	0.636079255824516	0.677801605124296	0.5133497622864194	0.7184834572937733	0.5802171643651565	0.5330839220243236	0.5414985312768589	0.6576468972161172	0.6873469482882877
Mut721F	0.8053964941822662	0.8096994791107519	0.8355049883572007	0.8398483008898296	0.96681226534497	0.6864571991367489	0.7567750519643729	0.6514811685809438	0.5978398511539174	0.0	0.6186187587762396	0.6714162537831873	0.6931671549243031	0.3691566407536566	0.6027524168612682	0.7976120805098432	0.8332649378940862	0.8236148035267093	0.834087895784058	0.8226247362559364	0.8609870652149071	0.8346670096855703	0.8213715288378367	0.8660918909381827	0.8519525484271007	0.8308506473564355	0.8207281943255798	0.8217822113154545	0.7717717291293296	0.8419035720679353	0.8534566735836281	0.8402519600613957	0.8290087079460619	0.894596685482912	0.797062749666809	0.8516862580959672	0.8324879849002855	0.7883939997819797	0.8550726463148849	0.790598813180954	0.8216404687859078	0.8385858093759733	0.8241271520594555	0.9617865597702631	0.7786597437205506	0.8862672005497335	0.9235166588987548	0.642915543553444	0.6234502598895952	0.4910374863252953	0.5833628498962937	0.49105603273019605	0.6060636269654038	0.5912239709136071	0.4910337371343551	0.565743017366981	0.6083745751622144
Mut727M	0.7449292395587247	0.8558111761166244	0.8149883647469688	0.8199814616667369	0.9725583636664111	0.26407398260264936	0.47914050223454835	0.4700303923771922	0.5245466157241941	0.6186187587762396	0.0	0.542130245876073	0.5014574348738129	0.588049488459929	0.5905956057315392	0.7903349854182264	0.7542063079868698	0.7487682165912197	0.8133579697459976	0.6382582723935596	0.86604300840654	0.8235678766338641	0.8107019163701783	0.734468650913408	0.8109496560654782	0.6884437533074951	0.7990255954801235	0.7729044198076085	0.8152796780782983	0.8248888115804424	0.8148614767171377	0.6976696278398702	0.8364699596213442	0.9311958691692327	0.7173045444461514	0.8007043630893783	0.8551292781763364	0.8283702704352898	0.8104513701790008	0.7704492136173623	0.8281027484165439	0.7402026149211388	0.8199819816566347	0.9683998104146136	0.7224440059798194	0.9572565512136009	1.0	0.7364412187356135	0.5823256688043799	0.5880713336995623	0.484595030894413	0.6251957791780217	0.5611597480681781	0.42133560980544754	0.6401653886130595	0.6648568741412572	0.6285225196196121
Mut732F	0.7331792055011723	0.7099827607096725	0.6908798954981519	0.6943035278997545	0.8487450647607089	0.6222564040428731	0.6125938848328725	0.5143920532785983	0.7207773004433712	0.6714162537831873	0.542130245876073	0.0	0.6550933834331517	0.46805043733390383	0.5911199870050634	0.7101665443490948	0.7795837515625896	0.7710854285662225	0.7494775403677507	0.7821185829966153	0.7948942157703361	0.7899031434802963	0.7700659672519464	0.6928032260333122	0.7807736364597965	0.6937462423839665	0.7708787873976619	0.7991865293473591	0.7468389110979389	0.7666947344383719	0.8129434528142163	0.6943312715574583	0.7991762815478102	0.8959216068247441	0.7447672255953042	0.7726241121313273	0.8042177075574329	0.7608655047209311	0.7847658679621232	0.7967823593664998	0.7802258693016242	0.7525400807052111	0.7716728661295308	0.9228259012571347	0.7074495174644445	0.8992871137246566	0.8439597638198624	0.773704367300983	0.7239087469248299	0.616853047413688	0.6596437188783483	0.471723552875474	0.6742564743916222	0.5009032800842622	0.6841444321901258	0.7031555346810702	0.618144974710622
Mut740M	0.8034874715214849	0.8492250528634049	0.8575838498443006	0.8610922237364803	0.9591500398955611	0.5552427177107331	0.6417041171533304	0.5701679762536946	0.5070797520031923	0.6931671549243031	0.5014574348738129	0.6550933834331517	0.0	0.6604056015093536	0.44700301354201877	0.7956604986603337	0.8161943642680134	0.8126061220073578	0.8167845927350229	0.7731115326451814	0.8593968635495378	0.8176641767021192	0.8056680578574568	0.7991363096628615	0.7663791644997662	0.6915250379134708	0.7947261376527365	0.7699605163627479	0.8096169788141329	0.8191204157028612	0.7707121315129841	0.7912588813168012	0.8296274981094278	0.919208193681122	0.7286782758939808	0.7965649233760742	0.847939681411871	0.8222604448381245	0.8347265936955376	0.7672175549846001	0.8220584339385119	0.8236901303282755	0.8140016654522259	0.9533522949522041	0.8160121700024404	0.9382834704300635	0.9866314578984003	0.842907266930112	0.6666799091523234	0.5838737365613189	0.6266638290907137	0.7246690077488058	0.6849517216174116	0.48672150155901384	0.5889899088485633	0.712004650337709	0.6979578519976117
Mut743F	0.7615551347124149	0.6401608510342663	0.6795101789889842	0.6882736276202226	0.8465451042381514	0.7043095791419496	0.7011361570571071	0.6260286857352607	0.6507543863352605	0.3691566407536566	0.588049488459929	0.46805043733390383	0.6604056015093536	0.0	0.5545441961462403	0.755557372410252	0.7846970099870426	0.774553218974502	0.7947551047255659	0.7893865634006574	0.7684620250156485	0.78831670077816	0.7643368063072148	0.831423511063582	0.8073434929089738	0.7923421173196326	0.7641553197928684	0.7800496742947924	0.7353195748375524	0.7951221586957057	0.8165325434633718	0.794984666419423	0.7995294813272421	0.8879164837254289	0.800635944365099	0.7980891676213784	0.8055062212767525	0.7530943407600823	0.8111588772703558	0.7728613993255435	0.7766577190869367	0.7928807870342249	0.7302707335653615	0.9478189581565905	0.6529124254610619	0.9050453218058383	0.8088927232269923	0.6630063377848224	0.5625276761976893	0.4968639354466149	0.6143250573097208	0.4770686557034257	0.6268570778457522	0.536575799576137	0.5880050855727503	0.6047157556624909	0.5834431537738645
Mut749F	0.6979361610569502	0.6779693223584276	0.7646831963895536	0.7169004749074059	0.8307836837404057	0.6456240264032138	0.4790307965135624	0.5767990213574837	0.6093463751298733	0.6027524168612682	0.5905956057315392	0.5911199870050634	0.44700301354201877	0.5545441961462403	0.0	0.6342199647987198	0.721533466447852	0.652006355953806	0.7009408121748644	0.8282065408292445	0.7982138467807648	0.8195901587229718	0.7341299946948447	0.7456349343553103	0.7061292662536224	0.7231836838783925	0.7341685079798768	0.7787372707551771	0.7773854896429052	0.8190911477691136	0.7280137766387863	0.797545018629063	0.8295637200729108	0.8474815193301874	0.6551134119613098	0.7226799720579962	0.8322863594935137	0.7900949573809095	0.7754415862345768	0.8129989336000616	0.8093687898389091	0.7663702378305951	0.8105085210834603	0.869342500363659	0.7384078315210197	0.8908019944135676	0.8417835112960712	0.6199351159141382	0.4503036869808317	0.6166973167775444	0.5308344254829314	0.6226070154047204	0.47619428198535374	0.5814506454534356	0.540425269460167	0.6486370927100674	0.5918718690849502
No.DSS.1	0.5547217257835425	0.5870310235497738	0.6301565887967014	0.5786123878725418	0.8471414815940854	0.7825994566883668	0.6405431069651554	0.7576255231315603	0.8122271586747474	0.7976120805098432	0.7903349854182264	0.7101665443490948	0.7956604986603337	0.755557372410252	0.6342199647987198	0.0	0.5272487416820814	0.4782474682834384	0.30617853840337617	0.6385602502824892	0.7432674377249356	0.7568553056075804	0.6645366057211748	0.6282033006305064	0.6426992321382375	0.7660875736893275	0.6894037701709588	0.7662775947975698	0.7042320216104802	0.6945430621472444	0.6874328471073764	0.6996590866287294	0.7735370290787145	0.7966144929132774	0.7737629301731636	0.6914329575892012	0.7822971614325015	0.7249930281423215	0.661234918240534	0.7651160665102584	0.744964487042579	0.6209229150893195	0.7474625650894292	0.8558396422113507	0.7442889632965117	0.9016557021379911	0.7790269094957186	0.7008517777953706	0.6529738923886378	0.6891867497983527	0.7527216158524741	0.6884071917134892	0.7344524396773132	0.7496009240312363	0.796601286572224	0.7171468635797823	0.63103906258253
No.DSS.2	0.4241259524436797	0.6624572960281199	0.5315009879868027	0.5121806268072703	0.7608655900378372	0.7419284235325493	0.6026218025529229	0.7794112799113173	0.8619678690271368	0.8332649378940862	0.7542063079868698	0.7795837515625896	0.8161943642680134	0.7846970099870426	0.721533466447852	0.5272487416820814	0.0	0.40285598777656634	0.5480055634577304	0.5346683511967247	0.7106282473817169	0.7371722360390739	0.652158408108707	0.6636607369469395	0.6477366002673253	0.7476668187384247	0.6562754452280267	0.6911173028451112	0.7378014035747165	0.7142020375635785	0.7093413830971419	0.6701756787276963	0.7562801896553656	0.7206723795274597	0.7454287246877289	0.6624325617305152	0.7868045208112588	0.758247413291503	0.614225041220962	0.7102297245096796	0.7446826914198789	0.5750591367309009	0.6958407207656292	0.8127885154067658	0.6091375100586357	0.944507570294403	0.792203725052204	0.7291454533798782	0.6119874222999913	0.7591412566984379	0.7065870844261192	0.7772343584823378	0.7598085407153505	0.7706182693451007	0.8773600100188382	0.6907892014545233	0.6539421342304795
No.DSS.3	0.5200764056969991	0.4991482200884898	0.6130022131743567	0.5393097974926494	0.7952736001684906	0.7357177543861881	0.5126245914503832	0.7749046888442563	0.8593440152759299	0.8236148035267093	0.7487682165912197	0.7710854285662225	0.8126061220073578	0.774553218974502	0.652006355953806	0.4782474682834384	0.40285598777656634	0.0	0.5748682854791239	0.5172372280715659	0.7324036446384629	0.7310876902369953	0.6352406831451799	0.6568737374509812	0.6529974708355981	0.741752441949429	0.6480569341029979	0.7136518862094978	0.7234027794447044	0.7341228168143223	0.7031855057659814	0.6623757443812919	0.7505513945666408	0.7784700984330443	0.7116706714560432	0.6549346299565808	0.7759772784600542	0.7455834799808951	0.6190912516391847	0.7014667923467913	0.7316105213106562	0.564169033006701	0.718039248794409	0.8469264355992127	0.6971811134324514	0.9345900611605849	0.8387144610469438	0.6404617501703258	0.5117301086519814	0.7458810647144917	0.6995455978200177	0.7660862216351811	0.693012958546293	0.7659045004949576	0.8697384551761771	0.6988161319443243	0.6314686553461142
No.DSS.4	0.48861157099805813	0.6976591930111865	0.571852072321504	0.6052029425268313	0.8391493162575822	0.8079934970348129	0.6965237880369021	0.782234698978662	0.8316026759643818	0.834087895784058	0.8133579697459976	0.7494775403677507	0.8167845927350229	0.7947551047255659	0.7009408121748644	0.30617853840337617	0.5480055634577304	0.5748682854791239	0.0	0.6955952402934752	0.7518943336285663	0.7833289516907294	0.705026775006513	0.6559494086317337	0.6344969804286502	0.793289444833498	0.7260256224770798	0.7944430216722836	0.7131559178632778	0.699290345171988	0.7221448107518362	0.7348178384541567	0.7771609022791556	0.8198923227568218	0.7627729968509176	0.7259022510521167	0.804052823512559	0.731311778674656	0.6976130904245381	0.7973317281603975	0.7513036879275747	0.667991309966227	0.778026578508246	0.87287350640246	0.7708645626566658	0.909019522798759	0.7800904555149428	0.7133760688399053	0.7129927567346392	0.7766959560869778	0.7815470371741009	0.7401150973785092	0.7419973309525842	0.7766370875889106	0.8313217708581856	0.7361662933377208	0.6850481118989491
No.DSS.5	0.6113667118569377	0.7789661473615733	0.6994019500048169	0.7108819759155245	0.9971798521208896	0.6041924681528051	0.7158285035709858	0.7800833303257745	0.836413929946826	0.8226247362559364	0.6382582723935596	0.7821185829966153	0.7731115326451814	0.7893865634006574	0.8282065408292445	0.6385602502824892	0.5346683511967247	0.5172372280715659	0.6955952402934752	0.0	0.8130620360999044	0.7220210860700714	0.7407168404613622	0.7371689137788167	0.7503318737069641	0.7362884720100268	0.744577538386827	0.7136955758835845	0.7218035238632596	0.7405512614171066	0.7871977464411608	0.6285547828298564	0.7481766611611924	0.8985836155630956	0.8552585328653256	0.7715206313396981	0.789856781839221	0.7513479953007124	0.7101732692306276	0.6001563049929303	0.7328460774304569	0.6484473970581647	0.7196684827127032	0.9965583386676139	0.7940747741631103	0.9944567047225383	1.0	0.8705561445779102	0.7461002030559796	0.7146705576613565	0.8083311131875575	0.7772092954941757	0.8718711820102192	0.7684595338110958	0.881735978341472	0.8278655341521476	0.7822213472272499
s.723141	0.7503654629194288	0.7159857769019782	0.6585011428897181	0.7329005018411956	0.8425699900376372	0.8641698484743866	0.787726807142123	0.8163539743453198	0.893767738700705	0.8609870652149071	0.86604300840654	0.7948942157703361	0.8593968635495378	0.7684620250156485	0.7982138467807648	0.7432674377249356	0.7106282473817169	0.7324036446384629	0.7518943336285663	0.8130620360999044	0.0	0.6361901889962008	0.6234001297072194	0.7344571249353516	0.7155417408784149	0.7410350168880926	0.6456857198103704	0.6688131191906264	0.7224400229112989	0.6463590095685082	0.632496745129435	0.7019146757292932	0.6491850223024938	0.6752389294985334	0.7933613619050772	0.6536604750686847	0.6509254699725586	0.6854082614983356	0.6332796936027261	0.7758238410539424	0.5657067518381055	0.6064015143937114	0.6445401406240846	0.804744990795	0.7775856702410012	0.9464985811538467	0.8159058844156201	0.8184186590641616	0.7577976567729967	0.8090453784546258	0.7935817563337243	0.8024160083625909	0.8277175439904945	0.811125083615331	0.8933182356107133	0.7926268321988783	0.7620987166292089
s.723685	0.7660992486344579	0.7912190834259197	0.8043587766861049	0.7803044455024196	0.9425358308026258	0.8176601468677831	0.7934511162172796	0.7504629835462251	0.863043412310682	0.8346670096855703	0.8235678766338641	0.7899031434802963	0.8176641767021192	0.78831670077816	0.8195901587229718	0.7568553056075804	0.7371722360390739	0.7310876902369953	0.7833289516907294	0.7220210860700714	0.6361901889962008	0.0	0.5739893221967493	0.6667739443205887	0.6775240195453136	0.5258176509510866	0.5836657354726803	0.5945632216241313	0.544360199162841	0.4663904201830167	0.4919246746660977	0.4191117532141037	0.4349531609352913	0.6404596585196507	0.8293902530915933	0.5684311620869072	0.45406446193383965	0.5032076014974183	0.5251860233003554	0.5950815975406858	0.4684278987864183	0.5491045743677448	0.6080009109176155	0.8943219424292226	0.8653230652305611	0.9451816581956478	0.9549434141813138	0.8495258094293683	0.7564663077237099	0.7614499983327327	0.8019761387411275	0.7577651301867173	0.8546104652567902	0.751170354880539	0.8782874656671245	0.7995489741881995	0.761939217622127
s.725876	0.6710828371606481	0.688222323473364	0.7273778117118808	0.7307280245517109	0.8775920168867862	0.8151889761512352	0.7117974796791644	0.7589408878310118	0.866077130430352	0.8213715288378367	0.8107019163701783	0.7700659672519464	0.8056680578574568	0.7643368063072148	0.7341299946948447	0.6645366057211748	0.652158408108707	0.6352406831451799	0.705026775006513	0.7407168404613622	0.6234001297072194	0.5739893221967493	0.0	0.581180536129181	0.5974887371241293	0.5714568483612199	0.4621873647812354	0.7228878148101078	0.518601741439864	0.5726981537299601	0.5992885507950955	0.589756700838538	0.5842780641479184	0.6167370255268599	0.7252951894438737	0.5193964619595025	0.48658766150789673	0.5588421972137666	0.5772674891405831	0.6443734362066547	0.40909244045866694	0.47405541149881913	0.6023775804520922	0.7917422402460409	0.7996618049590627	0.9245650125019914	0.8811465666023668	0.7561098014254535	0.6572214152290468	0.7262085834693818	0.7108940447101019	0.7376299996759622	0.7801836522685951	0.7462263014942299	0.8659511713165005	0.7280528795541233	0.6738659852190292
s.729697	0.6617839519341172	0.7627491216790735	0.7413197075310303	0.7439126655283655	0.87198720391777	0.7135735383739392	0.6416604311372999	0.7064277527684093	0.8314861130731287	0.8660918909381827	0.734468650913408	0.6928032260333122	0.7991363096628615	0.831423511063582	0.7456349343553103	0.6282033006305064	0.6636607369469395	0.6568737374509812	0.6559494086317337	0.7371689137788167	0.7344571249353516	0.6667739443205887	0.581180536129181	0.0	0.6474449314957587	0.4684012965561198	0.6207337080655495	0.723058281164369	0.6796603162643118	0.617663616708624	0.6413549947561005	0.5512074829262769	0.6357457058997577	0.624998851429186	0.7097570056343857	0.5678289920798517	0.6286917709703655	0.6997599320501208	0.4951991863906644	0.6065843869858393	0.7026754798450328	0.5405028473534468	0.7138994568443447	0.774793522841884	0.7536017490379218	0.9254300120199833	0.9117610216223974	0.8149078737189213	0.7418994622047226	0.8197674225177657	0.6910282165639742	0.7729081105095458	0.7711618565602172	0.7068821400402239	0.8454965921448774	0.7653702036725823	0.7043726550434544
s.732181	0.616917896107079	0.7281128511243505	0.7357118032918559	0.7231796893001936	0.7635067344268862	0.8046411769317826	0.7067845680320017	0.7510538276822433	0.8109663032086082	0.8519525484271007	0.8109496560654782	0.7807736364597965	0.7663791644997662	0.8073434929089738	0.7061292662536224	0.6426992321382375	0.6477366002673253	0.6529974708355981	0.6344969804286502	0.7503318737069641	0.7155417408784149	0.6775240195453136	0.5974887371241293	0.6474449314957587	0.0	0.6465028251946956	0.6290066772366905	0.6493535928108771	0.6773891706375156	0.6844043990668678	0.4823343631029025	0.5810759684256531	0.666015691980384	0.7688556713172633	0.687685887155093	0.5137464350100541	0.7309009933191584	0.7010809779457385	0.5997550788733551	0.6990192746164419	0.6585793376445045	0.6602597719555118	0.7150715542614059	0.7370942063916152	0.747838049401732	0.883341916007975	0.8573073574014634	0.7890831911164667	0.6950062478325072	0.7894698530990923	0.7057478418604548	0.7835706631934124	0.7780779806829368	0.7444707833182393	0.8270097444324112	0.744769256928528	0.7039013978293006
s.735191	0.7384471512550846	0.8000561543398476	0.8127533637888824	0.8138772100857031	0.9129229497966659	0.6565995131304586	0.678496850856812	0.605145121575608	0.7438475357004165	0.8308506473564355	0.6884437533074951	0.6937462423839665	0.6915250379134708	0.7923421173196326	0.7231836838783925	0.7660875736893275	0.7476668187384247	0.741752441949429	0.793289444833498	0.7362884720100268	0.7410350168880926	0.5258176509510866	0.5714568483612199	0.4684012965561198	0.6465028251946956	0.0	0.6847472088156907	0.6312712703288587	0.5255038061434442	0.5827550338955336	0.5973009273170683	0.49102100613171723	0.4732686130142571	0.6357731799162056	0.6565154014747057	0.5486768611652463	0.4925969119613331	0.5644434106250059	0.5381217393524109	0.4048029088896196	0.5927507417631133	0.6318241542148365	0.6003788545232684	0.8389912913300248	0.8323066078467558	0.8954894375496217	0.9540768212662633	0.8461249143733897	0.7605841685933941	0.7576937053913726	0.6512141494675142	0.7445531355047147	0.7536876806074859	0.617005774854749	0.764879810591833	0.7953104478004761	0.7490834507014503
s.736540	0.6951814482219809	0.7095875335181191	0.7462211743637818	0.7490283432446901	0.878775748237013	0.8027143374211517	0.6712095460431236	0.7486759886584992	0.8496583387327997	0.8207281943255798	0.7990255954801235	0.7708787873976619	0.7947261376527365	0.7641553197928684	0.7341685079798768	0.6894037701709588	0.6562754452280267	0.6480569341029979	0.7260256224770798	0.744577538386827	0.6456857198103704	0.5836657354726803	0.4621873647812354	0.6207337080655495	0.6290066772366905	0.6847472088156907	0.0	0.6685673796322983	0.6741114524820613	0.6227120437385194	0.6160702456693479	0.6938571637624817	0.62524997498889	0.6276895960013366	0.7357584880933712	0.5781499310329522	0.6747559083161597	0.6335301924919575	0.5105128260173711	0.6608781147875626	0.6261008490332493	0.4899095895439913	0.7147132047793101	0.7369200888268261	0.8014912657052438	0.9477890671040823	0.8965882167741527	0.7774555801005655	0.6350227762203312	0.734548940117255	0.689050011117726	0.746220214216658	0.77991701110885	0.7285937465607417	0.88195745259475	0.7111413542241961	0.6629462395590594
s.736806	0.6815740129585106	0.7818487411623002	0.7964119343303027	0.802420965608721	0.8800244413723565	0.750242753793452	0.7434296197231819	0.7165952128525369	0.8191890049720224	0.8217822113154545	0.7729044198076085	0.7991865293473591	0.7699605163627479	0.7800496742947924	0.7787372707551771	0.7662775947975698	0.6911173028451112	0.7136518862094978	0.7944430216722836	0.7136955758835845	0.6688131191906264	0.5945632216241313	0.7228878148101078	0.723058281164369	0.6493535928108771	0.6312712703288587	0.6685673796322983	0.0	0.7066691828616367	0.5740219242518118	0.5020911270457556	0.5440350293266623	0.6192311003978411	0.7293616387938359	0.7710375933905278	0.5322480710069453	0.6742584563470737	0.6572089051323284	0.6680269106976646	0.6175426904717575	0.6710599195849278	0.6547803352797374	0.6147330002930175	0.7045471978658897	0.7904488035822392	0.8446095372304927	0.9449570661288803	0.8287397052817911	0.7359203693918662	0.7427549126412727	0.7309657169274533	0.7541278139102561	0.8092196681339828	0.7252324787414541	0.8373826127932369	0.7966334905483783	0.7485470309946733
s.742443	0.6786264942929343	0.7458578079898242	0.7364380715351723	0.7397112097317292	0.9409436706100575	0.7978420957654532	0.7911407861581782	0.7382028767036984	0.8556353080934481	0.7717717291293296	0.8152796780782983	0.7468389110979389	0.8096169788141329	0.7353195748375524	0.7773854896429052	0.7042320216104802	0.7378014035747165	0.7234027794447044	0.7131559178632778	0.7218035238632596	0.7224400229112989	0.544360199162841	0.518601741439864	0.6796603162643118	0.6773891706375156	0.5255038061434442	0.6741114524820613	0.7066691828616367	0.0	0.5292899135841538	0.6521138678575122	0.565086803058224	0.4973033558872938	0.7271203389393942	0.8136752187254097	0.6295942494742036	0.5990588761468016	0.17099596198766853	0.6334184469233638	0.599111878711424	0.5168190762626093	0.5966174723978201	0.5747224754282861	0.9160717013919292	0.858450366097363	0.8566989374162678	0.890332995196825	0.758405944637456	0.7517206934900843	0.682591102741	0.7893973258943449	0.67643694980612	0.7833099681108938	0.7464016950013738	0.8264601497162747	0.7888154117315409	0.7402797202170487
s.748485	0.7674546971596955	0.7915984566329733	0.8043047067486551	0.8055854315685295	0.9391379555116744	0.8193308577452536	0.7937588575853446	0.7250408845161255	0.8686160025250313	0.8419035720679353	0.8248888115804424	0.7666947344383719	0.8191204157028612	0.7951221586957057	0.8190911477691136	0.6945430621472444	0.7142020375635785	0.7341228168143223	0.699290345171988	0.7405512614171066	0.6463590095685082	0.4663904201830167	0.5726981537299601	0.617663616708624	0.6844043990668678	0.5827550338955336	0.6227120437385194	0.5740219242518118	0.5292899135841538	0.0	0.6228172160465655	0.5643742297454801	0.4643940343993521	0.654848774106333	0.8301050919053379	0.6457713201101165	0.5838584861371308	0.42369434431478264	0.5799528786835619	0.655317666774826	0.4270336396332545	0.5609770964927437	0.5269924304072731	0.8621064734994214	0.8632898711322726	0.9485815765274699	0.9502242792065715	0.8478329547612944	0.7582807214529363	0.7656377751064596	0.8020019216355176	0.7223272627814905	0.8530831031227329	0.7232893714064428	0.8830996663611114	0.7907658675156959	0.7174424326494588
s.758414	0.6765659289075809	0.7650831888658827	0.7703097432307042	0.780752331025119	0.8442272160542872	0.8000726374944046	0.7309916810203366	0.7487909049324869	0.8128643684245408	0.8534566735836281	0.8148614767171377	0.8129434528142163	0.7707121315129841	0.8165325434633718	0.7280137766387863	0.6874328471073764	0.7093413830971419	0.7031855057659814	0.7221448107518362	0.7871977464411608	0.632496745129435	0.4919246746660977	0.5992885507950955	0.6413549947561005	0.4823343631029025	0.5973009273170683	0.6160702456693479	0.5020911270457556	0.6521138678575122	0.6228172160465655	0.0	0.4846353735463432	0.5810776810439049	0.5999830747009739	0.7468566158846281	0.48374936973364874	0.6518395304358094	0.6073440204233557	0.5741662629226236	0.7147196576430925	0.6478778040475316	0.5053797356424402	0.6509494635588239	0.7408819050044885	0.7626199203021311	0.8850786738025237	0.9100262431002154	0.8040168559877559	0.7228813736677506	0.7939666472897884	0.7180979170513331	0.7795130527142681	0.7907624290060401	0.7557543523305972	0.8286982663817335	0.7596925830894989	0.7141084046546807
s.763057	0.6363914784291728	0.7975867455307166	0.7558014968461564	0.7583487684659738	0.8956274657401332	0.6804109196755292	0.6798516774268998	0.7324306654879044	0.8370610667827121	0.8402519600613957	0.6976696278398702	0.6943312715574583	0.7912588813168012	0.794984666419423	0.797545018629063	0.6996590866287294	0.6701756787276963	0.6623757443812919	0.7348178384541567	0.6285547828298564	0.7019146757292932	0.4191117532141037	0.589756700838538	0.5512074829262769	0.5810759684256531	0.49102100613171723	0.6938571637624817	0.5440350293266623	0.565086803058224	0.5643742297454801	0.4846353735463432	0.0	0.5493278699933807	0.7447217943354031	0.801471413587428	0.44572678793069287	0.6259601423869539	0.5999564718754888	0.6058752644279157	0.6163480861557393	0.572195818545756	0.5486451436414131	0.623137004289849	0.7890692002152544	0.7599587013116359	0.8692403767301913	0.9562234703956608	0.8545085349076805	0.7652501550933463	0.7705924179482989	0.7721509639702168	0.7661153929450147	0.8324286833642912	0.7233418224647076	0.8529853330673723	0.8057808082127912	0.7700089769610118
s.769399	0.7834615794656369	0.8069929699089708	0.8192750105110983	0.8187974886255274	0.920187793638579	0.8216614310750638	0.8044705316286538	0.7604542371655689	0.8587110508066647	0.8290087079460619	0.8364699596213442	0.7991762815478102	0.8296274981094278	0.7995294813272421	0.8295637200729108	0.7735370290787145	0.7562801896553656	0.7505513945666408	0.7771609022791556	0.7481766611611924	0.6491850223024938	0.4349531609352913	0.5842780641479184	0.6357457058997577	0.666015691980384	0.4732686130142571	0.62524997498889	0.6192311003978411	0.4973033558872938	0.4643940343993521	0.5810776810439049	0.5493278699933807	0.0	0.5871084649805355	0.7965959054154207	0.5484767569203809	0.4379155178078071	0.4337817376429744	0.495291603144995	0.5377142703989432	0.3968007543723654	0.5559479856751262	0.6057115793783654	0.8765851535629727	0.8612989660294121	0.9424296451297854	0.953660895565354	0.8444846427795586	0.7687896143860377	0.7746929858396121	0.7946471000836562	0.7599141646459642	0.8506982134572761	0.7627731837722715	0.8745542259909896	0.7932704939537315	0.764157638064986
s.770073	0.8070869967825887	0.810557150878247	0.8384353680530945	0.838917172778689	0.8706325991722145	0.9255240326294558	0.8254503550299453	0.8634819061996952	0.9180143638317334	0.894596685482912	0.9311958691692327	0.8959216068247441	0.919208193681122	0.8879164837254289	0.8474815193301874	0.7966144929132774	0.7206723795274597	0.7784700984330443	0.8198923227568218	0.8985836155630956	0.6752389294985334	0.6404596585196507	0.6167370255268599	0.624998851429186	0.7688556713172633	0.6357731799162056	0.6276895960013366	0.7293616387938359	0.7271203389393942	0.654848774106333	0.5999830747009739	0.7447217943354031	0.5871084649805355	0.0	0.7556628437992537	0.6658197110971285	0.6256482441255461	0.6857790302512462	0.516568703247549	0.7202626847491129	0.7038105098135897	0.4885958756128408	0.704782701853604	0.6914651657295602	0.8197401807270244	0.9425831029246987	0.8903806302902495	0.797025347869929	0.7943066649306552	0.8858270472486371	0.7762124417716845	0.8622040261503213	0.842197070943394	0.8637088562909786	0.9023934878568202	0.8031265054136627	0.7883680198281354
s.775823	0.7294119408711855	0.765265747654453	0.8062697303279809	0.8060972569768537	0.7925830937026987	0.7074674772273781	0.6203828117139176	0.6529554276677126	0.713346596358633	0.797062749666809	0.7173045444461514	0.7447672255953042	0.7286782758939808	0.800635944365099	0.6551134119613098	0.7737629301731636	0.7454287246877289	0.7116706714560432	0.7627729968509176	0.8552585328653256	0.7933613619050772	0.8293902530915933	0.7252951894438737	0.7097570056343857	0.687685887155093	0.6565154014747057	0.7357584880933712	0.7710375933905278	0.8136752187254097	0.8301050919053379	0.7468566158846281	0.801471413587428	0.7965959054154207	0.7556628437992537	0.0	0.7345969532279313	0.838786180355465	0.8276624090383499	0.7760277319963568	0.8197398621436452	0.8028315805080186	0.7326734605578249	0.809408771637878	0.7885989298792045	0.7040681664324087	0.8851729406706097	0.8852774878902644	0.6817451157861438	0.6849729693370255	0.7785721560312809	0.47192623806594003	0.7895249267868524	0.6410992098929963	0.6691989317903487	0.6990187225957675	0.7253502083127057	0.7033365468817183
s.775839	0.6468840173452863	0.7296433821915829	0.7578153375387859	0.7488164683112714	0.8172698215472408	0.8042483972947914	0.6822852658135422	0.7522958138272459	0.8482214330682166	0.8516862580959672	0.8007043630893783	0.7726241121313273	0.7965649233760742	0.7980891676213784	0.7226799720579962	0.6914329575892012	0.6624325617305152	0.6549346299565808	0.7259022510521167	0.7715206313396981	0.6536604750686847	0.5684311620869072	0.5193964619595025	0.5678289920798517	0.5137464350100541	0.5486768611652463	0.5781499310329522	0.5322480710069453	0.6295942494742036	0.6457713201101165	0.48374936973364874	0.44572678793069287	0.5484767569203809	0.6658197110971285	0.7345969532279313	0.0	0.6552077084792799	0.6561048875036816	0.5247693690187546	0.6158476541496551	0.6491939209241693	0.6205639129990066	0.6941519143031812	0.7013818132792141	0.7570058047786237	0.883032701999127	0.8886933121549848	0.7754786624307998	0.6666939995609809	0.7781742892356018	0.705124462099654	0.7831739851450802	0.7666455070607159	0.7335358544900098	0.8627795635286898	0.7314658973546174	0.6888567666999094
