	LCA.DSS.1	LCA.DSS.2	LCA.DSS.3	LCA.DSS.4	LCA.DSS.5	Mut706F	Mut713M	Mut715M	Mut716M	Mut721F	Mut727M	Mut732F	Mut740M	Mut743F	Mut749F	No.DSS.1	No.DSS.2	No.DSS.3	No.DSS.4	No.DSS.5	s.723141	s.723685	s.725876	s.729697	s.732181	s.735191	s.736540	s.736806	s.742443	s.748485	s.758414	s.763057	s.769399	s.770073	s.775823	s.775839	s.779315	s.779320	s.780982	s.782670	s.795478	s.797355	s.808182	s.827378	Water.DSS.2	Water.DSS.3	Water.DSS.5	WT701M	WT703M	WT707F	WT720F	WT724M	WT728M	WT735M	WT739F	WT748F	WT754F
LCA.DSS.1	0.0	0.48683420866669225	0.316019544796432	0.48713988099537364	0.8788117032449555	0.61571219357545	0.49541721521603055	0.5937205297462891	0.6691036795977882	0.5818165185028806	0.4863763365246457	0.5013432219876623	0.571226745912565	0.5745055419625715	0.5197398024304388	0.4162109771801623	0.3961997956541986	0.39810100514829777	0.5064130827415888	0.5071159663148148	0.6667007851474419	0.5067520263245426	0.5126363265343096	0.3983214071625739	0.3483886403843097	0.4960158068831667	0.517846811190052	0.3852052548816394	0.5050111402281656	0.46439479532491795	0.33840871330612765	0.33069266682701803	0.5194100625229585	0.6755315918170554	0.5237212268391082	0.5502201416230736	0.5326229960870954	0.5953615990915199	0.4553676501485176	0.6246383611653518	0.5640079350714935	0.5489932569347131	0.5766609838202976	0.5425197381883616	0.43205766405774026	0.4793863718941182	0.7664289927441746	0.61372461386044	0.5641717775730563	0.5788343371941673	0.605073841149548	0.5497748006474706	0.5336284627367577	0.5446879901614621	0.5653675806590267	0.6425883686946084	0.5409942437289131
LCA.DSS.2	0.48683420866669225	0.0	0.32362675600723206	0.3813677215444108	0.6240890575828856	0.778382960354396	0.5795052717189295	0.7315892198328526	0.8125901430930429	0.7222242597893969	0.6422788240176457	0.6273334527944904	0.7067910313976736	0.6603444198373435	0.5621762333125154	0.32900517424315917	0.5281220445519974	0.4214889862685192	0.41785090805632447	0.7029415603336845	0.5125008442803753	0.4696996017925269	0.583075172889649	0.471619883767354	0.3903420988538613	0.6050949067094066	0.5968770939538516	0.5454309237099884	0.49654274683596095	0.4934478666207958	0.491607155374269	0.5755848490974286	0.581004408346545	0.5306403339529776	0.5038302466333342	0.5184061374831342	0.6758475300752934	0.5464907798737191	0.5457700429736644	0.7479574254627894	0.49555308718250773	0.4493625464204857	0.47747402218749	0.6562434891900771	0.5271501043450476	0.660521182549221	0.585709616412634	0.7472334494375699	0.667725132281569	0.6906468023821456	0.7536830616028104	0.6845647685252958	0.67696302317392	0.6952029103098748	0.7530059046298214	0.7780804415382792	0.599728399143574
LCA.DSS.3	0.316019544796432	0.32362675600723206	0.0	0.5298570454081704	0.7685682597670912	0.7246056087670062	0.589627936131413	0.6904580983073119	0.7714590215675019	0.6817912065051343	0.5868892979193	0.5686199177147577	0.6593367948412084	0.6321844313055006	0.6095004622356622	0.4109438655562272	0.5327967304070831	0.4850586601488331	0.5252019372704632	0.6379172057609662	0.5458993737484797	0.48503902161256235	0.5807399604013006	0.4539087737423305	0.3582992681836087	0.5576406701529408	0.5945418814655031	0.5059147458278581	0.48806602957808853	0.46696867642084927	0.44362577645699713	0.48456432200344685	0.5461964018519285	0.6700176326092079	0.5570915650170722	0.5626215516129527	0.6347800866752931	0.5839431545983902	0.507195277863276	0.7080871808411799	0.5610529512820548	0.5740320830737711	0.5442412636983629	0.6424504511875515	0.4479624038045994	0.5813722716716158	0.5652854036644491	0.7300960639208323	0.6801701024329787	0.6746516059420388	0.702333384597028	0.6441317152410334	0.6563230278280748	0.6414255587224851	0.7058765710052053	0.7509121584389711	0.6281600573575323
LCA.DSS.4	0.48713988099537364	0.3813677215444108	0.5298570454081704	0.0	0.5782332942642554	0.8449770138267055	0.596508279116213	0.8248277305726043	0.8922603430090372	0.805792028785585	0.776514526683396	0.7391522422884763	0.8245581365999367	0.7746505546078851	0.6063301873169912	0.4157435658878637	0.5489747642855617	0.41347340988052605	0.3120348200537563	0.7772307769210769	0.5847016806857612	0.5595317379916331	0.7156606628036979	0.5546022236414919	0.5178165195822507	0.7292152672962712	0.7246917236677736	0.5937291527787337	0.6156880320899121	0.598918774236366	0.599530167935972	0.6663853312302838	0.6959731420001991	0.5683887270368178	0.564619767836007	0.5759707930903073	0.7404069616135069	0.6020204278550741	0.6583491258470764	0.8635572089118299	0.5686756180255562	0.4282558987603787	0.5488126126094316	0.6984507422714082	0.5557978840672826	0.7092192378832168	0.663105438380715	0.7875314499523052	0.6989705803893176	0.8122938325830221	0.840876734622646	0.7924442307825512	0.7291518105748707	0.7987248396818942	0.822090556810522	0.8297577489406016	0.6509641138625013
LCA.DSS.5	0.8788117032449555	0.6240890575828856	0.7685682597670912	0.5782332942642554	0.0	1.1192650602084546	0.9291138886452457	1.1150168517844854	1.1426967771455878	1.071470305142363	1.0953395291155787	1.0579772447206588	1.121253619872524	1.0530300797613195	0.9138620538204066	0.7833484633990575	0.9448969972931016	0.8445561934873628	0.6498293123217621	1.1731530099286172	0.6084002867895778	0.8664855301011002	1.018692424296303	0.8910762796735149	0.8184759821884778	1.0194043885081527	1.0288022866034026	0.8670380374866365	0.9261812336490136	0.9096185974075791	0.8808062237168348	1.0112365947636326	0.9793268280713582	0.6650427053639544	0.769044747112189	0.7642467302776399	1.0336987590892437	0.7956032505192522	0.9728703439833422	1.1740504104709324	0.7914053277568187	0.6873474471437725	0.7330070850865845	0.7348236090502007	0.762155469056449	0.7588650314476822	0.3726333100010929	1.028252727831704	0.9920279581095713	1.1242311580758364	1.0913131687591968	1.0899246567995937	1.00343985695662	1.097046913469658	1.0487553520271633	1.0707566883521633	0.9279572430266391
Mut706F	0.61571219357545	0.778382960354396	0.7246056087670062	0.8449770138267055	1.1192650602084546	0.0	0.4057776770647463	0.20491538250022454	0.2567885878070841	0.3853672221972312	0.3368108968599701	0.416740750560995	0.25953918769722556	0.2882290949086453	0.4695381776072531	0.709673476633611	0.5657173964749816	0.6569980643623614	0.8381603876392621	0.46635214938391306	0.8626885250204774	0.6885944513799518	0.5822587871795402	0.6339983479659076	0.6458053870212355	0.5291437054093071	0.5288004555050607	0.6143892465863141	0.6996462665499702	0.6366581622685265	0.6066206201956539	0.5745726000682249	0.6314726545446867	0.8569595762157628	0.6189035640408469	0.7336598775295002	0.3989183612936	0.8020130954249733	0.565841943048693	0.4709332403114998	0.7506086153105995	0.7858511242000612	0.7505011500540056	0.8036377098392242	0.5404351934990369	0.7639733731137383	1.0840369080458991	0.42326124907761375	0.28486225746551974	0.20929767346532838	0.24973517913544296	0.4034969428028357	0.27077087548425205	0.29341629462141383	0.46083160095246023	0.3978286690167877	0.4336143103393161
Mut713M	0.49541721521603055	0.5795052717189295	0.589627936131413	0.596508279116213	0.9291138886452457	0.4057776770647463	0.0	0.38405174404865616	0.42455578093240975	0.4527644640989023	0.2783967595135951	0.25362445390472044	0.35518992546323674	0.41712970630690593	0.169035727894692	0.4507171463500504	0.35837600884142157	0.37192795069692175	0.6389385571827291	0.5295807139551768	0.7530719574627845	0.6187836485272016	0.41495660264464485	0.46628955432016767	0.4765143493136304	0.4251882956263533	0.37197650034851576	0.5651327989007268	0.6087670032107014	0.5254725092745814	0.520790865542252	0.4844085605839842	0.5273131839064111	0.7305406667945564	0.5056494738378594	0.6386220680277724	0.4418511351189866	0.7521285842958035	0.43608788771224954	0.5467777937519832	0.6922156572252212	0.6462530072477408	0.6873750528240601	0.7136504414254812	0.482642296979296	0.7367983571668723	0.9341861333746223	0.4493996146039715	0.30560083469664845	0.3817439470535082	0.31794339793208737	0.42245822345506717	0.27393157249799727	0.29791692263813757	0.5392634852853154	0.48550628403781754	0.21072111188006193
Mut715M	0.5937205297462891	0.7315892198328526	0.6904580983073119	0.8248277305726043	1.1150168517844854	0.20491538250022454	0.38405174404865616	0.0	0.17526093544553115	0.3312528394647592	0.31261960917287396	0.36456164402750024	0.20842894299284753	0.22187694331881896	0.4105055386590298	0.6457665321841929	0.512385582731596	0.6102043238408179	0.80835627349228	0.4057553213149484	0.8556282397398158	0.6499053460475404	0.5269609096453548	0.5718784647956637	0.6013874266698546	0.48966059275430035	0.468276780437818	0.605315368798273	0.6418572646068448	0.570260093410168	0.5715421196745476	0.5301546397168438	0.5797074027685907	0.8498992909351012	0.6112404814655288	0.708046918640774	0.36809103360455164	0.7733882614527321	0.5077811499052587	0.4178473435046605	0.7184575832000307	0.7787908389193995	0.7187317328903525	0.8120357314771041	0.5274613828953023	0.7772742981147267	1.0807089994350814	0.3697581598080982	0.22375559464522343	0.20907301662566113	0.193314266492357	0.3160102008636188	0.25831895939383626	0.22317967686878493	0.46612587558880164	0.3320990228848781	0.3466207637853057
Mut716M	0.6691036795977882	0.8125901430930429	0.7714590215675019	0.8922603430090372	1.1426967771455878	0.2567885878070841	0.42455578093240975	0.17526093544553115	0.0	0.3472640364888696	0.4062334711742861	0.4435598388382093	0.2981555503507754	0.27397501257692825	0.4612789304901604	0.743880659372258	0.5999245792136285	0.6912052471010085	0.8854437168215937	0.46152134863054345	0.902021316787743	0.7228016341185987	0.620202656531598	0.6681744081043604	0.6926587998217312	0.5884053391329983	0.5443880317744155	0.6780554924439053	0.7375901359020277	0.674602031620584	0.6572107196095605	0.6214260128687206	0.6603808986462003	0.8803912931528961	0.6365232824194391	0.7791768938327874	0.4332461274222878	0.8530331112207159	0.6030389339779539	0.5088771096635575	0.7860549326339552	0.827675040376267	0.7986419988741303	0.8476558200532079	0.5830470184065818	0.8000513201127204	1.1074686249830323	0.30282026296169	0.2996286129803839	0.28040842800050886	0.15513986248910536	0.3525312703164814	0.2948934449189344	0.3365548376925163	0.45289121133312354	0.2880462568189086	0.38831829107229804
Mut721F	0.5818165185028806	0.7222242597893969	0.6817912065051343	0.805792028785585	1.071470305142363	0.3853672221972312	0.4527644640989023	0.3312528394647592	0.3472640364888696	0.0	0.32131393987316165	0.4224579780577801	0.4395403423608451	0.2825119360526522	0.3736866955456962	0.6679978928840995	0.5763176506833294	0.6386877626318292	0.7900566754088392	0.6129279876695991	0.8146726970952549	0.6714043399718188	0.5622726739459258	0.6315139477534858	0.6475846207058759	0.5593333634170795	0.5314470144939327	0.5900046504389274	0.668355387376643	0.6232047374738041	0.617972961372473	0.6031810634827363	0.60898360449942	0.8028417061187465	0.5846877903221371	0.7218946597571579	0.47317824978398376	0.7463466886511988	0.5526491938904013	0.5980717114695984	0.7215868768264404	0.7501254533421177	0.7341685582836659	0.7764293480499828	0.47665890443370096	0.6574750305950761	0.9452731845089158	0.3790982377381531	0.34788760444303335	0.3712172456981979	0.3129534263536233	0.21328587039140484	0.30519560432720216	0.3833771324177017	0.4101792623269401	0.3524038489541158	0.3630327320480969
Mut727M	0.4863763365246457	0.6422788240176457	0.5868892979193	0.776514526683396	1.0953395291155787	0.3368108968599701	0.2783967595135951	0.31261960917287396	0.4062334711742861	0.32131393987316165	0.0	0.2004780629735053	0.2602268469574215	0.3060361766772449	0.3460736460044492	0.5546136553469063	0.44812396605382177	0.5449177447601635	0.7607791733066501	0.45164880755820314	0.82571078023891	0.6096076550817321	0.45829555240027026	0.5295572888994592	0.5270301977219436	0.410502875068667	0.42190672056457806	0.5408238162175516	0.5767713065687459	0.5144817427595726	0.5080239259023772	0.433286792921689	0.5246752636827843	0.8330340451228866	0.5605640310211912	0.6840811431081736	0.40326556267215014	0.7297668340726104	0.43796857684677565	0.45676879971766216	0.6826911998768806	0.7462552611671303	0.6944876294216008	0.7670659486844992	0.5382519983614629	0.6890612289359896	1.0233831684409551	0.49253753623982444	0.39059213821212907	0.2990972619299947	0.3173060628579531	0.3081123429988887	0.26647706492745404	0.2189724442228845	0.3809958616902134	0.464678838768736	0.36013807160817635
Mut732F	0.5013432219876623	0.6273334527944904	0.5686199177147577	0.7391522422884763	1.0579772447206588	0.416740750560995	0.25362445390472044	0.36456164402750024	0.4435598388382093	0.4224579780577801	0.2004780629735053	0.0	0.2821766752935895	0.3380522071325559	0.33504297248086806	0.5318825494653108	0.42039082869692057	0.5433369002906323	0.739369320943163	0.45277935379258843	0.7986696145266131	0.5911011470762522	0.41046223969851836	0.5038349016573207	0.5181460276688749	0.36958718840898935	0.3557832114726243	0.5485378732529779	0.563247047381147	0.48689885029912694	0.5182333974880643	0.43311397121846984	0.4930926092336194	0.8156548699388949	0.6241894931928053	0.6605402806494078	0.3742177958522361	0.7205000728214982	0.41526702415489863	0.44827579903039944	0.6618540772449929	0.730091645786088	0.6708285677353021	0.7679571572757419	0.5678982602096541	0.7130327001931798	1.0001042198430274	0.5398957361364183	0.4527033626992349	0.31951689367123715	0.34355506967461247	0.3296428257124047	0.3725086958188215	0.22430012111298933	0.5190014976132908	0.5006924852592899	0.3117691400379383
Mut740M	0.571226745912565	0.7067910313976736	0.6593367948412084	0.8245581365999367	1.121253619872524	0.25953918769722556	0.35518992546323674	0.20842894299284753	0.2981555503507754	0.4395403423608451	0.2602268469574215	0.2821766752935895	0.0	0.27567642060922626	0.36713553984647973	0.6048562866294058	0.44450534505574835	0.585406135405639	0.8079840789401521	0.3495901590748387	0.8614239036541939	0.6378523604650851	0.46575150673776045	0.5638407849756979	0.5555815753473009	0.41319245384630937	0.4013583531977598	0.6055542842467055	0.615146246511476	0.5487652388358112	0.5489790478627105	0.4923740297891282	0.5321366028032245	0.8589481358798321	0.6548543966817517	0.7099952338651191	0.3541700052997517	0.782437106397463	0.45344529155157975	0.3567483016275466	0.7151379790727185	0.7878396838641304	0.7204017201785462	0.8119493845342178	0.5900884824205307	0.772285047808732	1.0860254677099686	0.5026140778889997	0.3301835700875293	0.19457462238050455	0.27703528923621407	0.42881462333782006	0.3370341378506596	0.19921046249548682	0.5112927534565007	0.4510973585059325	0.4026939887502931
Mut743F	0.5745055419625715	0.6603444198373435	0.6321844313055006	0.7746505546078851	1.0530300797613195	0.2882290949086453	0.41712970630690593	0.22187694331881896	0.27397501257692825	0.2825119360526522	0.3060361766772449	0.3380522071325559	0.27567642060922626	0.0	0.3634752848111641	0.6428494619651853	0.5233788541479347	0.6135393317129151	0.7845224641554527	0.4853295517856184	0.8057024164262965	0.650395062848066	0.5365300753673313	0.6119058216363089	0.622436189786962	0.5404299909005843	0.4858781197183986	0.5879541390685645	0.6504595689193756	0.6029360781004196	0.5934944716354971	0.5529572072941193	0.5981530375583305	0.8356160065863301	0.622687666505024	0.7127608333803381	0.36604971516061224	0.759364471016221	0.5301195151430831	0.4701446880933104	0.7107563098853511	0.7644475497675868	0.7036854448504817	0.801263485302565	0.45132897108501835	0.7524731516993293	0.986993340226461	0.3470982097665506	0.19685702840078811	0.23067742545796813	0.26064157345543476	0.3210244406742214	0.27518814742467235	0.26472372475952155	0.43571008524139443	0.3356746496865524	0.3964996446637906
Mut749F	0.5197398024304388	0.5621762333125154	0.6095004622356622	0.6063301873169912	0.9138620538204066	0.4695381776072531	0.169035727894692	0.4105055386590298	0.4612789304901604	0.3736866955456962	0.3460736460044492	0.33504297248086806	0.36713553984647973	0.3634752848111641	0.0	0.43521487792641117	0.40291422565581786	0.3911394204986829	0.6300843067218634	0.5823903046400447	0.7249643191681288	0.6191542756737236	0.42206798565061904	0.4970179384174271	0.4946148869465302	0.4841841872619673	0.39831088417381916	0.5685468823219545	0.5932062112215314	0.5414951821761299	0.5432905595593222	0.5477146512791446	0.5373670541023973	0.7089657169387931	0.5508023734506845	0.6493290715167513	0.46484799193990917	0.7348014794275889	0.4587076875099807	0.57249594685865	0.6826606925386297	0.6403483893320323	0.6896517152134949	0.7110448366624912	0.43547036120413146	0.7279394994803938	0.8881257111774803	0.4539961146239076	0.3007400016763962	0.3722777011216222	0.3879047072234321	0.38294023408611066	0.337937912593077	0.36689889560509903	0.532194573180144	0.4916386810212634	0.19111748839727521
No.DSS.1	0.4162109771801623	0.32900517424315917	0.4109438655562272	0.4157435658878637	0.7833484633990575	0.709673476633611	0.4507171463500504	0.6457665321841929	0.743880659372258	0.6679978928840995	0.5546136553469063	0.5318825494653108	0.6048562866294058	0.6428494619651853	0.43521487792641117	0.0	0.3623387629922945	0.29620801879597525	0.38317248509265467	0.5615872995873374	0.6140125967835663	0.4639743616037635	0.47903201538870027	0.3772361793753122	0.3184236387699335	0.4832890230356529	0.5048735539019482	0.5446261019575533	0.414313748638916	0.34532140379573	0.4715799622174646	0.4603581757845203	0.4591985246727917	0.5856207248663392	0.502966462041554	0.5498383641778315	0.5819289194846711	0.6009649014761691	0.42051679925121965	0.6410810484684123	0.539988291273256	0.49384651741729696	0.5432125984875089	0.6724031723675223	0.5288607969583203	0.6710648117722792	0.7769950716680496	0.6784891215244188	0.5893656789233898	0.6023230996624994	0.6794209045421814	0.5986130095019021	0.6082186952607694	0.5751538148054661	0.6745389894366954	0.6872145200827314	0.45712247555259006
No.DSS.2	0.3961997956541986	0.5281220445519974	0.5327967304070831	0.5489747642855617	0.9448969972931016	0.5657173964749816	0.35837600884142157	0.512385582731596	0.5999245792136285	0.5763176506833294	0.44812396605382177	0.42039082869692057	0.44450534505574835	0.5233788541479347	0.40291422565581786	0.3623387629922945	0.0	0.30701796241725476	0.5697466519952286	0.2621398678479954	0.7720364799821868	0.6136790741535314	0.3447749961221365	0.43288540017712457	0.42586081283675714	0.38325456737360303	0.33779031929618086	0.6116550102474446	0.5818559155672889	0.4979801228510071	0.5355109272287055	0.4380232504333992	0.4753113494330916	0.7386146298343643	0.6282736776501328	0.6725771805632217	0.4295623758439004	0.768507068404542	0.36760601093858775	0.44243220670976574	0.6962256922619163	0.612076294952022	0.6936635614382177	0.7497440692743969	0.509013495205626	0.7787890418704286	0.9298963593379094	0.5626235259923812	0.4590803057620755	0.48847921004847566	0.5354648243835525	0.5386581594192283	0.4745156453501267	0.4629231267649336	0.7048762300903509	0.5630723639585385	0.37721184387103057
No.DSS.3	0.39810100514829777	0.4214889862685192	0.4850586601488331	0.41347340988052605	0.8445561934873628	0.6569980643623614	0.37192795069692175	0.6102043238408179	0.6912052471010085	0.6386877626318292	0.5449177447601635	0.5433369002906323	0.585406135405639	0.6135393317129151	0.3911394204986829	0.29620801879597525	0.30701796241725476	0.0	0.48266129931240936	0.44635288736741874	0.7230269387152787	0.5681805698190914	0.48113312451706797	0.41779595787558305	0.41683952123435414	0.4837100107173714	0.4895225474647776	0.5955419820998763	0.5785303263488013	0.49577472395491884	0.5305956679158669	0.466420122522954	0.5174066100345822	0.6898269330816669	0.5660319665862014	0.6380665455063781	0.5503493510749218	0.7218883737477028	0.42656865920737685	0.6343710663376583	0.6496069976050772	0.5513427946116894	0.6470456815023666	0.714037106287858	0.5017242841571917	0.7441181578634617	0.9035489659506013	0.6204624841527121	0.5072656144432558	0.6047919805008258	0.6332835654927748	0.601028271367728	0.5334747938328567	0.5738180143178403	0.7135432658947914	0.6566955455462449	0.4452115443589323
No.DSS.4	0.5064130827415888	0.41785090805632447	0.5252019372704632	0.3120348200537563	0.6498293123217621	0.8381603876392621	0.6389385571827291	0.80835627349228	0.8854437168215937	0.7900566754088392	0.7607791733066501	0.739369320943163	0.8079840789401521	0.7845224641554527	0.6300843067218634	0.38317248509265467	0.5697466519952286	0.48266129931240936	0.0	0.8006304988117352	0.5348309783383234	0.5526660356369433	0.7018453157269643	0.5427093604311711	0.4929613026457022	0.7168256648126808	0.7187502282727888	0.5784695774601586	0.5893174642900258	0.5692579868315107	0.5767344491182806	0.6674205298281123	0.679256553740184	0.5120436223908499	0.53378067036469	0.5156430848943823	0.7307782585693707	0.5316943578928105	0.650239679757332	0.8567405827243865	0.49111610097846864	0.4161023399212361	0.5016570668618731	0.6477359907185878	0.6115635619667554	0.6532000752767394	0.6843585673178196	0.7886861810707062	0.7249852237045138	0.7965584792062761	0.8340601084352026	0.7661337466997732	0.7469586365144067	0.7813330827884185	0.796597771961435	0.8141391998059896	0.6470059027968911
No.DSS.5	0.5071159663148148	0.7029415603336845	0.6379172057609662	0.7772307769210769	1.1731530099286172	0.46635214938391306	0.5295807139551768	0.4057553213149484	0.46152134863054345	0.6129279876695991	0.45164880755820314	0.45277935379258843	0.3495901590748387	0.4853295517856184	0.5823903046400447	0.5615872995873374	0.2621398678479954	0.44635288736741874	0.8006304988117352	0.0	0.9050465887631333	0.6781676359895022	0.4672185403779161	0.5698176900378564	0.5726852165636336	0.4477431292095741	0.4602338635519604	0.668759038151604	0.6463444774032595	0.5674024733143641	0.6161121156569945	0.4680235422101422	0.5397999112690627	0.9045244109050007	0.794183458720769	0.7731481373169985	0.39820221815254714	0.832995630240513	0.4495306361425922	0.36586597311165897	0.7607142540978873	0.7779860760226582	0.7671213547207725	0.8701718896212358	0.6888902234493413	0.8153993788566987	1.131601742735137	0.6176595252975169	0.5109947373013393	0.38613771895234295	0.4823612920638739	0.5872163070553701	0.5520468804063345	0.4588767871731784	0.7045797588344189	0.5870436954626118	0.5606705264052151
s.723141	0.6667007851474419	0.5125008442803753	0.5458993737484797	0.5847016806857612	0.6084002867895778	0.8626885250204774	0.7530719574627845	0.8556282397398158	0.902021316787743	0.8146726970952549	0.82571078023891	0.7986696145266131	0.8614239036541939	0.8057024164262965	0.7249643191681288	0.6140125967835663	0.7720364799821868	0.7230269387152787	0.5348309783383234	0.9050465887631333	0.0	0.50813357316845	0.7033437063332856	0.6147750132994434	0.5795107931459713	0.7154750747190257	0.7475605241934796	0.5491134738960443	0.6083303873217182	0.5696647169888716	0.5590919583004533	0.6994200933285852	0.6510195155884653	0.39209103325844985	0.5952292026068904	0.43683895269968576	0.7157253942500686	0.47549361403173723	0.6331118276051876	0.898191723275931	0.4612766960125201	0.40749859660512344	0.4270847862034915	0.5431708521239023	0.6350020592349119	0.5841565745321842	0.5322151244621649	0.8353402327606302	0.7816988451821372	0.8515456383876893	0.8520799831009604	0.8078694435391243	0.7944059440815463	0.8278606668680989	0.8146233496741107	0.814686558595653	0.7248543950105982
s.723685	0.5067520263245426	0.4696996017925269	0.48503902161256235	0.5595317379916331	0.8664855301011002	0.6885944513799518	0.6187836485272016	0.6499053460475404	0.7228016341185987	0.6714043399718188	0.6096076550817321	0.5911011470762522	0.6378523604650851	0.650395062848066	0.6191542756737236	0.4639743616037635	0.6136790741535314	0.5681805698190914	0.5526660356369433	0.6781676359895022	0.50813357316845	0.0	0.4984363413552984	0.4189441281997178	0.39436010362754836	0.3680724383474703	0.5333410148341529	0.43303033329072166	0.21014707036268687	0.2499496021976821	0.34272259491967416	0.42377011393697644	0.28971323076756617	0.40034630746575334	0.5524006618242577	0.3692237469400248	0.5209117319653661	0.3272169389400385	0.3759632021180832	0.6301500781372336	0.2611020244570238	0.35206746790901766	0.27789361918534294	0.634599401370887	0.6276036360246268	0.6243940581945491	0.8274149876098986	0.7475591637993059	0.6647021378696518	0.6492058473359237	0.6859067713371595	0.6243140315772302	0.6594512831570511	0.6143269581246252	0.6877028679967558	0.6940486201851108	0.6125116630773008
s.725876	0.5126363265343096	0.583075172889649	0.5807399604013006	0.7156606628036979	1.018692424296303	0.5822587871795402	0.41495660264464485	0.5269609096453548	0.620202656531598	0.5622726739459258	0.45829555240027026	0.41046223969851836	0.46575150673776045	0.5365300753673313	0.42206798565061904	0.47903201538870027	0.3447749961221365	0.48113312451706797	0.7018453157269643	0.4672185403779161	0.7033437063332856	0.4984363413552984	0.0	0.3931999128614119	0.4260526536858995	0.23418410995717948	0.2481638994197359	0.5764906447828106	0.43810103631783565	0.3874477051578342	0.47816489329897516	0.443559420078277	0.2800997807751697	0.6774959741305093	0.6266457350966687	0.5763705683580554	0.37346088540618294	0.669792933203021	0.28713867528303516	0.2956531915252328	0.5224101002537109	0.6084648973593174	0.6254513668402045	0.7207287669204946	0.5765043458211984	0.7571880857203552	0.972449068290233	0.5949612609585562	0.5019274196879857	0.5003848690634022	0.5547575018195227	0.5096793660588821	0.5096493821417832	0.47982230371730894	0.6847098476421708	0.5806932736630016	0.42075881610229576
s.729697	0.3983214071625739	0.471619883767354	0.4539087737423305	0.5546022236414919	0.8910762796735149	0.6339983479659076	0.46628955432016767	0.5718784647956637	0.6681744081043604	0.6315139477534858	0.5295572888994592	0.5038349016573207	0.5638407849756979	0.6119058216363089	0.4970179384174271	0.3772361793753122	0.43288540017712457	0.41779595787558305	0.5427093604311711	0.5698176900378564	0.6147750132994434	0.4189441281997178	0.3931999128614119	0.0	0.34106404475754565	0.36945600638530013	0.39415797761000015	0.4853367540226185	0.4237285110258806	0.3261865418388462	0.41896382996918374	0.36335169787419375	0.37233273548915374	0.5506026323564265	0.49956881165386247	0.40861609195785126	0.47851568074546413	0.598826000961865	0.2782313429465486	0.5467319585807207	0.5081885064230147	0.4633498539726887	0.5439492190405697	0.612402834032379	0.488066215062073	0.6462729934975404	0.8576887271372621	0.6631949807068892	0.5707601033180063	0.5966307714024423	0.6027292533922858	0.5795884459137678	0.5613889429281509	0.5449122250881221	0.6330756419825176	0.6443199488784395	0.48426199430442046
s.732181	0.3483886403843097	0.3903420988538613	0.3582992681836087	0.5178165195822507	0.8184759821884778	0.6458053870212355	0.4765143493136304	0.6013874266698546	0.6926587998217312	0.6475846207058759	0.5270301977219436	0.5181460276688749	0.5555815753473009	0.622436189786962	0.4946148869465302	0.3184236387699335	0.42586081283675714	0.41683952123435414	0.4929613026457022	0.5726852165636336	0.5795107931459713	0.39436010362754836	0.4260526536858995	0.34106404475754565	0.0	0.4166294323809995	0.4434234880410004	0.4053769057102431	0.39680703347141955	0.3593319521367054	0.3067244724905526	0.3441123006277679	0.4072130789897886	0.5694658732548331	0.44374432190712954	0.4622395692905658	0.5265077919482242	0.5570979377582803	0.37001432844657844	0.5950539968707769	0.4725797359595089	0.5008485456480724	0.49743398547542284	0.5142508396185029	0.5089244178952648	0.5857700894854928	0.7925081314420409	0.6771219969484957	0.5787258218238859	0.600612692131188	0.6155528149298062	0.6015400762889356	0.563721656182543	0.5411641373801902	0.6305654472122775	0.6612342052507485	0.4959975157449451
s.735191	0.4960158068831667	0.6050949067094066	0.5576406701529408	0.7292152672962712	1.0194043885081527	0.5291437054093071	0.4251882956263533	0.48966059275430035	0.5884053391329983	0.5593333634170795	0.410502875068667	0.36958718840898935	0.41319245384630937	0.5404299909005843	0.4841841872619673	0.4832890230356529	0.38325456737360303	0.4837100107173714	0.7168256648126808	0.4477431292095741	0.7154750747190257	0.3680724383474703	0.23418410995717948	0.36945600638530013	0.4166294323809995	0.0	0.35350203877192654	0.5085703146491732	0.3182182070662592	0.295236337648003	0.40749525804391834	0.3562679522557569	0.1886197495526965	0.6189914942559155	0.5953363377190865	0.5031246726588807	0.3747983836011442	0.5493754170698566	0.20054123213356767	0.32391301718689347	0.4525797513070487	0.5704554705557916	0.5039402383184726	0.6958365014014799	0.5759836087414074	0.700154640920364	0.9860168359718997	0.6344806331853391	0.5565033788012146	0.5035385341957146	0.5171165655362407	0.5054944933255656	0.5000005371864068	0.4307987035398928	0.5956719960423069	0.5809700895711439	0.469241799554366
s.736540	0.517846811190052	0.5968770939538516	0.5945418814655031	0.7246917236677736	1.0288022866034026	0.5288004555050607	0.37197650034851576	0.468276780437818	0.5443880317744155	0.5314470144939327	0.42190672056457806	0.3557832114726243	0.4013583531977598	0.4858781197183986	0.39831088417381916	0.5048735539019482	0.33779031929618086	0.4895225474647776	0.7187502282727888	0.4602338635519604	0.7475605241934796	0.5333410148341529	0.2481638994197359	0.39415797761000015	0.4434234880410004	0.35350203877192654	0.0	0.5829767387856608	0.525354184531173	0.44352202606052926	0.5010813138596141	0.47204587477761356	0.4264833704992006	0.7127600106647166	0.6389959780485668	0.6098204321159869	0.3664496373208488	0.7280821519884053	0.3169417929238207	0.3922035193027424	0.6316236923407728	0.6441426830579554	0.671338087584946	0.7272535086887237	0.5937870216431667	0.7744707615423234	0.9897317441122013	0.5591759427248754	0.44845424785394145	0.4398233104574677	0.47522103060849513	0.4884665345334528	0.456191050467304	0.41754785647692144	0.6854497757231947	0.5405088134496069	0.37032567640745456
s.736806	0.3852052548816394	0.5454309237099884	0.5059147458278581	0.5937291527787337	0.8670380374866365	0.6143892465863141	0.5651327989007268	0.605315368798273	0.6780554924439053	0.5900046504389274	0.5408238162175516	0.5485378732529779	0.6055542842467055	0.5879541390685645	0.5685468823219545	0.5446261019575533	0.6116550102474446	0.5955419820998763	0.5784695774601586	0.668759038151604	0.5491134738960443	0.43303033329072166	0.5764906447828106	0.4853367540226185	0.4053769057102431	0.5085703146491732	0.5829767387856608	0.0	0.5224911678701991	0.4569173388712085	0.2089878372127262	0.3487205186434646	0.5235715649707912	0.5360127135683768	0.49560558339013283	0.45120039307952653	0.5155186455019176	0.5492252809025904	0.4733014473012274	0.6448172060589454	0.5248835573044011	0.5281927614185167	0.4707313320680252	0.3567525501023695	0.5659877744025558	0.43885029923341246	0.8242587400188446	0.6691313284514789	0.6049662782693708	0.6063488879236636	0.6268698033914888	0.5735152032443152	0.573989174705103	0.5818473112570987	0.5400493659769376	0.6467408146741768	0.5914369569052759
s.742443	0.5050111402281656	0.49654274683596095	0.48806602957808853	0.6156880320899121	0.9261812336490136	0.6996462665499702	0.6087670032107014	0.6418572646068448	0.7375901359020277	0.668355387376643	0.5767713065687459	0.563247047381147	0.615146246511476	0.6504595689193756	0.5932062112215314	0.414313748638916	0.5818559155672889	0.5785303263488013	0.5893174642900258	0.6463444774032595	0.6083303873217182	0.21014707036268687	0.43810103631783565	0.4237285110258806	0.39680703347141955	0.3182182070662592	0.525354184531173	0.5224911678701991	0.0	0.1928015335247099	0.437708925846268	0.4446442222326783	0.25147466526890444	0.48129589621826024	0.5930669116649334	0.45677032090038205	0.5410307864667666	0.2701776851651086	0.37333576552995046	0.5514709088473208	0.2456065946966227	0.4297350247184444	0.3195467404089106	0.6987390859826633	0.6220630319540218	0.6578718191196621	0.8585086354492448	0.7343857349501437	0.6843704111986105	0.6201061854363482	0.687619126676904	0.6145165172851292	0.6705030983270696	0.604310312808125	0.68465391540158	0.7088371219685401	0.5986567475644197
s.748485	0.46439479532491795	0.4934478666207958	0.46696867642084927	0.598918774236366	0.9096185974075791	0.6366581622685265	0.5254725092745814	0.570260093410168	0.674602031620584	0.6232047374738041	0.5144817427595726	0.48689885029912694	0.5487652388358112	0.6029360781004196	0.5414951821761299	0.34532140379573	0.4979801228510071	0.49577472395491884	0.5692579868315107	0.5674024733143641	0.5696647169888716	0.2499496021976821	0.3874477051578342	0.3261865418388462	0.3593319521367054	0.295236337648003	0.44352202606052926	0.4569173388712085	0.1928015335247099	0.0	0.4110642078878604	0.37266320158081834	0.22894821719446345	0.4806721817707408	0.5622019083273527	0.4336286019545085	0.4678509076249641	0.4038046535059597	0.2882930700843687	0.5213884873619641	0.3008389245101487	0.43205651041406634	0.35548961113529665	0.635843709578419	0.5628860434441099	0.6384451281635877	0.8699079298404018	0.6944257726739052	0.6148219277746043	0.573328945018333	0.6229864261863314	0.555680359309914	0.6025812054182399	0.5242437970600841	0.6395032654987411	0.6405909559502739	0.5170493465832138
s.758414	0.33840871330612765	0.491607155374269	0.44362577645699713	0.599530167935972	0.8808062237168348	0.6066206201956539	0.520790865542252	0.5715421196745476	0.6572107196095605	0.617972961372473	0.5080239259023772	0.5182333974880643	0.5489790478627105	0.5934944716354971	0.5432905595593222	0.4715799622174646	0.5355109272287055	0.5305956679158669	0.5767344491182806	0.6161121156569945	0.5590919583004533	0.34272259491967416	0.47816489329897516	0.41896382996918374	0.3067244724905526	0.40749525804391834	0.5010813138596141	0.2089878372127262	0.437708925846268	0.4110642078878604	0.0	0.23974212810206197	0.43556413947310063	0.5369577741406389	0.48585281231430366	0.4322369001036314	0.47995855408321864	0.5165080639231846	0.38556737177435124	0.6021305091027869	0.46154306792059985	0.4778917836173796	0.4565421182783218	0.3980693278493277	0.5629247185879874	0.4758602669069682	0.8521102620460349	0.6621984225105049	0.5842211681263806	0.5900396314407801	0.5946231558609286	0.5641340912809594	0.5450613951311415	0.5339043335830892	0.550855561783635	0.6254667264714973	0.5424440289081991
s.763057	0.33069266682701803	0.5755848490974286	0.48456432200344685	0.6663853312302838	1.0112365947636326	0.5745726000682249	0.4844085605839842	0.5301546397168438	0.6214260128687206	0.6031810634827363	0.433286792921689	0.43311397121846984	0.4923740297891282	0.5529572072941193	0.5477146512791446	0.4603581757845203	0.4380232504333992	0.466420122522954	0.6674205298281123	0.4680235422101422	0.6994200933285852	0.42377011393697644	0.443559420078277	0.36335169787419375	0.3441123006277679	0.3562679522557569	0.47204587477761356	0.3487205186434646	0.4446442222326783	0.37266320158081834	0.23974212810206197	0.0	0.3864996659581553	0.693113687717474	0.6044227594534636	0.5437366154341418	0.42931787851593833	0.6163664199213463	0.35519888564789753	0.5212203751670453	0.5502030224707757	0.5746237899739105	0.5654033232898987	0.5492746246374861	0.5513080862886003	0.5826776993808028	0.9825406330928328	0.6545217656988072	0.5746397892598835	0.5293799051781771	0.5588087735817475	0.5543244422091033	0.5391063168143999	0.4671192735704869	0.5357423264994817	0.6127088058543704	0.5445871846724772
s.769399	0.5194100625229585	0.581004408346545	0.5461964018519285	0.6959731420001991	0.9793268280713582	0.6314726545446867	0.5273131839064111	0.5797074027685907	0.6603808986462003	0.60898360449942	0.5246752636827843	0.4930926092336194	0.5321366028032245	0.5981530375583305	0.5373670541023973	0.4591985246727917	0.4753113494330916	0.5174066100345822	0.679256553740184	0.5397999112690627	0.6510195155884653	0.28971323076756617	0.2800997807751697	0.37233273548915374	0.4072130789897886	0.1886197495526965	0.4264833704992006	0.5235715649707912	0.25147466526890444	0.22894821719446345	0.43556413947310063	0.3864996659581553	0.0	0.5517705442737394	0.599436977050358	0.4605261231154284	0.43205288765395305	0.48763147288665076	0.2250415554969543	0.39880174223452564	0.3669351691029557	0.49986179808819237	0.44909651002073375	0.6807897953090534	0.5696079293879618	0.6829950544787782	0.9442632088185928	0.6851384283269076	0.6124601125799162	0.5642734559369758	0.610409889421076	0.5671922347419652	0.6023294863217863	0.5359326399475199	0.6405796497048002	0.6316278847127124	0.520933187253779
s.770073	0.6755315918170554	0.5306403339529776	0.6700176326092079	0.5683887270368178	0.6650427053639544	0.8569595762157628	0.7305406667945564	0.8498992909351012	0.8803912931528961	0.8028417061187465	0.8330340451228866	0.8156548699388949	0.8589481358798321	0.8356160065863301	0.7089657169387931	0.5856207248663392	0.7386146298343643	0.6898269330816669	0.5120436223908499	0.9045244109050007	0.39209103325844985	0.40034630746575334	0.6774959741305093	0.5506026323564265	0.5694658732548331	0.6189914942559155	0.7127600106647166	0.5360127135683768	0.48129589621826024	0.4806721817707408	0.5369577741406389	0.693113687717474	0.5517705442737394	0.0	0.516390716167487	0.42205991533289927	0.6996658606673635	0.37069614442061294	0.6017526759110297	0.8690939685759672	0.35984599095087205	0.21611088780411322	0.328292054725227	0.5540721143958861	0.6426256109300436	0.5975030393112467	0.6448671267084293	0.802839927022165	0.7734539786093408	0.85560255905222	0.8280222848845059	0.8119395273927478	0.7843501711780055	0.8253848990937367	0.7864498680344711	0.7952366309711728	0.6990699233120172
s.775823	0.5237212268391082	0.5038302466333342	0.5570915650170722	0.564619767836007	0.769044747112189	0.6189035640408469	0.5056494738378594	0.6112404814655288	0.6365232824194391	0.5846877903221371	0.5605640310211912	0.6241894931928053	0.6548543966817517	0.622687666505024	0.5508023734506845	0.502966462041554	0.6282736776501328	0.5660319665862014	0.53378067036469	0.794183458720769	0.5952292026068904	0.5524006618242577	0.6266457350966687	0.49956881165386247	0.44374432190712954	0.5953363377190865	0.6389959780485668	0.49560558339013283	0.5930669116649334	0.5622019083273527	0.48585281231430366	0.6044227594534636	0.599436977050358	0.516390716167487	0.0	0.5628324620425449	0.653609017558996	0.6464402090495707	0.5956077488541027	0.7939606689406842	0.5785970319632574	0.46142734605526076	0.5914851939225719	0.5446228873718364	0.44883619767515553	0.5691839419448826	0.7716407782795722	0.5713078547523165	0.5534768019292415	0.6794813181418967	0.5415187454077822	0.6113604118366353	0.4840344427108678	0.5881112866675833	0.4454454499554809	0.5839861276780645	0.5220885735940116
s.775839	0.5502201416230736	0.5184061374831342	0.5626215516129527	0.5759707930903073	0.7642467302776399	0.7336598775295002	0.6386220680277724	0.708046918640774	0.7791768938327874	0.7218946597571579	0.6840811431081736	0.6605402806494078	0.7099952338651191	0.7127608333803381	0.6493290715167513	0.5498383641778315	0.6725771805632217	0.6380665455063781	0.5156430848943823	0.7731481373169985	0.43683895269968576	0.3692237469400248	0.5763705683580554	0.40861609195785126	0.4622395692905658	0.5031246726588807	0.6098204321159869	0.45120039307952653	0.45677032090038205	0.4336286019545085	0.4322369001036314	0.5437366154341418	0.4605261231154284	0.42205991533289927	0.5628324620425449	0.0	0.6060365943400917	0.3715175481522399	0.46337590994217576	0.726492482468918	0.3551899451610869	0.4383661330593848	0.37879736207944514	0.539171892464724	0.6476978081167695	0.5640232943009875	0.7308591777413869	0.7619670886668395	0.6786556174413733	0.7227095514005925	0.727793285446396	0.6961848839071414	0.6684343143887937	0.6764319970790237	0.7244639080454173	0.7264977425115472	0.6465338076103613
