	LCA.DSS.1	LCA.DSS.2	LCA.DSS.3	LCA.DSS.4	LCA.DSS.5	Mut706F	Mut713M	Mut715M	Mut716M	Mut721F	Mut727M	Mut732F	Mut740M	Mut743F	Mut749F	No.DSS.1	No.DSS.2	No.DSS.3	No.DSS.4	No.DSS.5	s.723141	s.723685	s.725876	s.729697	s.732181	s.735191	s.736540	s.736806	s.742443	s.748485	s.758414	s.763057	s.769399	s.770073	s.775823	s.775839	s.779315	s.779320	s.780982	s.782670	s.795478	s.797355	s.808182	s.827378	Water.DSS.2	Water.DSS.3	Water.DSS.5	WT701M	WT703M	WT707F	WT720F	WT724M	WT728M	WT735M	WT739F	WT748F	WT754F
LCA.DSS.1	0.0	0.45741853279662464	0.40498953292921663	0.45762347035866313	0.9176773181485802	0.5615001917997053	0.4732649254505722	0.5080081413069123	0.6252738572872361	0.6184675843674059	0.5023111423642388	0.4698283874610116	0.5122451954416413	0.5897935315481542	0.4815325759768218	0.34726770968603293	0.3300790240638889	0.38098868070713554	0.438929308692847	0.4743640452628971	0.6455582711298332	0.5397774090693146	0.48703562699291547	0.4322643810599811	0.309866325554514	0.4609471082909934	0.5406867807147003	0.43289304097738635	0.5065920691515702	0.552434147639585	0.3045576260073027	0.3477578659050056	0.50902112921194	0.6982109966732267	0.5493997110469035	0.5554187625103899	0.48666186696770114	0.5911777378666879	0.4196013740874744	0.6237093878073043	0.6665091075090269	0.5699381698213857	0.5462159160310923	0.5956169132297685	0.3542780195900278	0.5053376182021261	0.8070794601788772	0.5942101626140766	0.5565027331300781	0.5453958178088292	0.5976321677640226	0.5692528734264911	0.4674272340083924	0.49809848518148353	0.5323847927228768	0.5735530202315808	0.530231334575204
LCA.DSS.2	0.45741853279662464	0.0	0.26630398495257207	0.3732420393929249	0.6803873474573744	0.757639046111905	0.5795005219134562	0.6746554776779549	0.791921193658279	0.7274994368757901	0.6984499966764387	0.5392296187323367	0.6852156468436087	0.708215347988874	0.5759218536608135	0.4374108127483182	0.5106852018885485	0.454210023534439	0.4228890461779213	0.7033928288491941	0.4599051449395269	0.44458850319919313	0.5822734398147791	0.43426925442742814	0.45278920182045534	0.5888650169692454	0.6876727122724133	0.5002503958863677	0.5841663419652665	0.4515704293234257	0.5020060746452237	0.5466593173956249	0.4867452629416744	0.5458242943739084	0.510143172645656	0.5158560258598816	0.5926546176544046	0.5033289177513586	0.5572263173933228	0.7777104941164984	0.5672899854019962	0.473815597796522	0.4126977737032257	0.6283370829526019	0.5845916530528628	0.6627497171585308	0.5341520046339852	0.6909226417209581	0.6992497841379233	0.6805841140635135	0.7569709892221419	0.7010392166208349	0.638520199946343	0.677392051614375	0.7333219073662303	0.712560077965214	0.6218881251121423
LCA.DSS.3	0.40498953292921663	0.26630398495257207	0.0	0.3174909013977314	0.6333376165104911	0.7744607849777898	0.6138832418692106	0.7211836926759148	0.8319113354343961	0.7952687313929422	0.7218098087641658	0.5754905677316935	0.7396943992566344	0.7581775167091517	0.6284067907096785	0.48514531220890744	0.5048881463248517	0.5018605094410714	0.38268573911122516	0.7324290584980139	0.4665522937045671	0.501687512044396	0.638515891419893	0.445632485358107	0.5039995229822336	0.6433437693822712	0.7474003265578751	0.544024745848456	0.6318165433722546	0.5096769922278559	0.5406392325535568	0.5617723188732566	0.5314924953757413	0.601452557740044	0.546818607614438	0.5813214828889386	0.6364730716387769	0.5462487662748091	0.5925756498470429	0.8304229336504797	0.6253965483064263	0.5050039872437667	0.46376161507288716	0.6811045224862848	0.5275206877320266	0.7267259181756449	0.4496328079017322	0.7180787613029284	0.7504939812153889	0.7459251391159826	0.8044846041021005	0.7543253943224997	0.6754525751408851	0.7239202666123349	0.7832840760865083	0.75559645766702	0.6649267768064129
LCA.DSS.4	0.45762347035866313	0.3732420393929249	0.3174909013977314	0.0	0.5820483424677491	0.7730279932341727	0.5162785185135983	0.7145668721379295	0.8174023972470943	0.7944398283298627	0.7521791666808132	0.6370532508202084	0.7749435287188111	0.7484298864567694	0.5418594674987027	0.479500289804027	0.46834657233887145	0.3467876405274689	0.286484531479457	0.7073792333112935	0.49615534570085607	0.5204945668333217	0.6632457424135051	0.4511849665783309	0.5473371208321329	0.6718725276726155	0.7750519491821326	0.5112832442127043	0.6550463630254649	0.5509656575185876	0.5772591864545632	0.5550940425432996	0.5565373516394967	0.579418787338823	0.5316228815511455	0.5643375158440475	0.6201141680107443	0.5866372919058978	0.6142179790111678	0.8537270400509488	0.6115872921561595	0.437904882030739	0.5236498457373526	0.6616491347137238	0.5167065066188422	0.7423185345187051	0.5607711478673764	0.622031240025718	0.6828443091403347	0.761118294380896	0.8030518123584832	0.7712701112986446	0.5786004998135074	0.7493782590331427	0.7735364458341261	0.7107296380926431	0.6141928120215314
LCA.DSS.5	0.9176773181485802	0.6803873474573744	0.6333376165104911	0.5820483424677491	0.0	1.1248194390612816	0.8968023934362513	1.0709851937432326	1.1301243653338384	1.109327492193149	1.1359551773290026	1.004140725733387	1.1355511364567679	1.085970824693983	0.9073644360895794	0.9218703873581579	0.9416625133356564	0.8426643041069171	0.7352983060535365	1.1947769625108253	0.6444142778739503	0.8375568559163854	1.029483337669455	0.8375247162396026	0.9112024172017037	1.0252674826478418	1.1370717778052906	0.829515986550367	1.0287453983479116	0.8397707836705862	0.9132981268676396	0.9436321480939849	0.8991954594464221	0.675732661096429	0.787275404919429	0.7453069008800015	0.961671796627122	0.8592407390606804	0.9940014099061577	1.2072258716068138	0.760943419726851	0.7150131310772659	0.7712565262306864	0.6951378577455875	0.8177960679008757	0.780584712756287	0.41787226235123465	0.9401709413794119	1.0210436481184886	1.1337145633087267	1.115773780445227	1.1240058336639651	0.9090029342615958	1.110906166584251	1.0624867750009603	1.0214724844893919	0.9440767693319532
Mut706F	0.5615001917997053	0.757639046111905	0.7744607849777898	0.7730279932341727	1.1248194390612816	0.0	0.41355495768986256	0.21728402985045328	0.26085912376059894	0.43492158811460785	0.17762985425224898	0.4029625747352839	0.3032313255063452	0.31942316574722734	0.3919361724716045	0.595725760019647	0.5379974096534142	0.6285530354813973	0.7523638601226569	0.4388622074884369	0.818058131780878	0.7018959895978796	0.5742644209295718	0.618641221869992	0.5941462459971946	0.516221519925876	0.4482489607669313	0.6173732733877042	0.6199992224022498	0.7153694605027441	0.5702144121307786	0.6055488727054441	0.6743913269948836	0.8527442991492659	0.6250347043517424	0.7489839029912161	0.5233126730147535	0.7688012853586459	0.5182015914019412	0.48138982254344737	0.8016840816277268	0.7485606912839555	0.714755910449278	0.8391551789696763	0.510577381210156	0.7581416177006427	1.0708845773290552	0.5366482338377032	0.2738248143913524	0.22211629284312184	0.26768589231804973	0.37554863112900766	0.47865928447416295	0.3153637038611667	0.50683685664785	0.4276413482677799	0.3920469400715408
Mut713M	0.4732649254505722	0.5795005219134562	0.6138832418692106	0.5162785185135983	0.8968023934362513	0.41355495768986256	0.0	0.39300275901970644	0.4794320027790061	0.5631007501669025	0.3752229617326393	0.37861024126021425	0.40453173721110763	0.5313553256399663	0.1705404364922838	0.37669643182596635	0.36492846538407864	0.32851620645667834	0.5482789664053711	0.5731774226350616	0.6654442283058738	0.631030254530039	0.43633687914322233	0.46662738854043484	0.4319728182029007	0.41947766526516983	0.4898899332938206	0.543992851325609	0.5206112718612539	0.6452962365528585	0.5073012730617813	0.5608509556722919	0.6004884333021531	0.7028647817375976	0.5113339875279272	0.6269330336450755	0.44570027705219833	0.7104656625185404	0.41044920731408424	0.6072495210049612	0.7376041533483279	0.6168426302212827	0.6470848697887213	0.7118127495796442	0.4833471376956988	0.7375615443733406	0.8793933473672632	0.40650545815759925	0.41930838834667084	0.42239926795357247	0.43071637710515315	0.496865884001199	0.34271326069407637	0.361255851614389	0.5705964051078181	0.4804116767219777	0.2708889629030073
Mut715M	0.5080081413069123	0.6746554776779549	0.7211836926759148	0.7145668721379295	1.0709851937432326	0.21728402985045328	0.39300275901970644	0.0	0.21710368019973558	0.35613100046697754	0.17681232040688907	0.33570128212080297	0.25523477317221077	0.2336244098120216	0.3083993349191129	0.5234948641635947	0.47818224412969673	0.5687378699576796	0.6860309124124706	0.4548469577180243	0.75130061002678	0.6183004018006043	0.4844623139950046	0.5727883583656285	0.5115927537600342	0.4239282885823684	0.39983410473154624	0.5435142065931104	0.5277059910587423	0.6270289856328756	0.49170266885318936	0.562228521860753	0.5904935958259445	0.7945774398862094	0.5494803670351165	0.6785874851510196	0.45346156242338803	0.6920817524875253	0.431257537615167	0.46497746887744634	0.7305086482166514	0.7217344959010091	0.6318799193032302	0.7884629737503345	0.45993733104840356	0.7238186604145296	1.0182906943621457	0.43239885408972284	0.21060615247075176	0.2655219284827087	0.2372049338783571	0.26943899844636404	0.41057834607333954	0.20823493348394237	0.4599945879380132	0.3148094623151547	0.2796045003586737
Mut716M	0.6252738572872361	0.791921193658279	0.8319113354343961	0.8174023972470943	1.1301243653338384	0.26085912376059894	0.4794320027790061	0.21710368019973558	0.0	0.32154026031376964	0.27589647146445806	0.4606246838070583	0.3273310140522211	0.2417349856581503	0.41124157698358077	0.6226699109540282	0.5954479601100204	0.6860035859380038	0.7662318646133536	0.524731871911369	0.839264132883567	0.7296400639224111	0.6110376928848864	0.6941239217771418	0.6187010257848177	0.5529947918811903	0.4978286254937479	0.6473935139302582	0.6567724943575642	0.7521427324580583	0.6052855577221796	0.6654529944716966	0.7051408487831685	0.8580492254218225	0.5894927276851186	0.7765130191248297	0.5486426727758638	0.7924984108702752	0.5669958182194923	0.5359733488565168	0.8228900827304159	0.803598480675695	0.7496097377541804	0.8507832202731573	0.5478844009859645	0.7697696590041238	1.0761895036016118	0.3816337681617786	0.27783649521704085	0.34787998769547707	0.19945681638975601	0.3073801401626112	0.45463477711308425	0.32662563320345445	0.4198697797701723	0.27470291770896516	0.34058690951263115
Mut721F	0.6184675843674059	0.7274994368757901	0.7952687313929422	0.7944398283298627	1.109327492193149	0.43492158811460785	0.5631007501669025	0.35613100046697754	0.32154026031376964	0.0	0.428948229090303	0.49686159462278945	0.48783164402023105	0.22942132776815635	0.4629916884381277	0.6277231428506306	0.5944802648257763	0.6839157003313604	0.7648569680290446	0.6313206467381374	0.8056114562730605	0.728672368638167	0.6035373091617497	0.7206147859662531	0.6464300433520979	0.5946626253402132	0.6025867869557401	0.6459959022641781	0.6468860718840176	0.7511750371738141	0.638089574584635	0.6791466373677559	0.7041731534989243	0.8309292372502086	0.6094569658485929	0.7751154074587494	0.5303032449983778	0.7647745340181236	0.5670356769944755	0.6420608184458728	0.7957754793417515	0.7764784925040806	0.748642042469936	0.8363094621633923	0.5169957394148872	0.6928648105692418	0.9700183801979467	0.3411397087944429	0.36606338477246336	0.44476827394215473	0.3477859473220542	0.24407262272123112	0.4648121933200426	0.4132670918652106	0.38629828752638373	0.2671300988203835	0.37000770418223994
Mut727M	0.5023111423642388	0.6984499966764387	0.7218098087641658	0.7521791666808132	1.1359551773290026	0.17762985425224898	0.3752229617326393	0.17681232040688907	0.27589647146445806	0.428948229090303	0.0	0.3028864423565852	0.17981253440937994	0.29176564080310213	0.35012924304269544	0.510384417696811	0.45265606733057806	0.5562878396022458	0.7315150335692974	0.35352086516560066	0.8163635610880037	0.6658873928306764	0.49577519077393994	0.5829755110276025	0.5088049036743582	0.43652200576998157	0.3732122922867153	0.6021662750012866	0.5455986468834891	0.6768108485405785	0.5232052640840964	0.570565284200997	0.6291613470667691	0.863880037416987	0.6140141053433624	0.7344664379304866	0.5091226257051773	0.7490159009462592	0.44091640563755535	0.4165456229498053	0.7971981897930517	0.7596964295516766	0.6696662070530074	0.8502909172373974	0.5133701526680082	0.7692773559683638	1.0820203155967762	0.5193897888372747	0.2793823280497778	0.22763055626457154	0.23596203412082747	0.3587629546682971	0.4472266730898916	0.19355001655348408	0.5012989080635133	0.4114519709342793	0.35157203037387885
Mut732F	0.4698283874610116	0.5392296187323367	0.5754905677316935	0.6370532508202084	1.004140725733387	0.4029625747352839	0.37861024126021425	0.33570128212080297	0.4606246838070583	0.49686159462278945	0.3028864423565852	0.0	0.28788894058806286	0.4284882556497573	0.3851174196775436	0.4264420530764533	0.38499349636509905	0.5005812247580526	0.6835560755887529	0.41706254068138143	0.7408391712642578	0.6290207296027295	0.4089739440472071	0.565232152434942	0.45043257204795295	0.37527661776163523	0.388721795976152	0.5913296537958066	0.4624211534150939	0.6353456170879728	0.5181939869792108	0.5457258145789496	0.5799262347667792	0.8316825606619327	0.6811608261248162	0.7091266291629778	0.46133299384127396	0.7057216349379503	0.3779916975041448	0.4769145735969496	0.7570651823456588	0.7261633833875898	0.6065518207969968	0.8309709097438305	0.549222730622071	0.7659452773073674	0.9388834276436226	0.5715694127734194	0.47538395917760096	0.3275708720832987	0.41620824192028216	0.4049293196542784	0.5504067591569907	0.2807700867754887	0.6207979171171994	0.47839593204998604	0.3650031148698506
Mut740M	0.5122451954416413	0.6852156468436087	0.7396943992566344	0.7749435287188111	1.1355511364567679	0.3032313255063452	0.40453173721110763	0.25523477317221077	0.3273310140522211	0.48783164402023105	0.17981253440937994	0.28788894058806286	0.0	0.37918161211534834	0.37084334964726745	0.4747541674637807	0.43000260682038766	0.5544177453549681	0.7347645326626128	0.3657293639240597	0.8159595202157691	0.665483351958442	0.44528957821345055	0.6100634911795951	0.4534706306861025	0.3837493296558733	0.357043560540957	0.6030077963335222	0.49635859652747005	0.6764068076683439	0.5160215440214942	0.6009096584462248	0.6163888571224915	0.8634759965447524	0.6499620865875108	0.7340623970582519	0.5010619604164325	0.7486118600740245	0.41702241606172374	0.405097993881333	0.7967941489208172	0.7906330525595519	0.6695480060600371	0.8498868763651627	0.5968186706271476	0.7688733150961291	1.0816162747245412	0.593182354963682	0.3874277452600602	0.25697806184780414	0.35198697033627385	0.4302349010208842	0.5103153512395934	0.22305816596761205	0.5160159644331175	0.46776543176693625	0.4095553902311459
Mut743F	0.5897935315481542	0.708215347988874	0.7581775167091517	0.7484298864567694	1.085970824693983	0.31942316574722734	0.5313553256399663	0.2336244098120216	0.2417349856581503	0.22942132776815635	0.29176564080310213	0.4284882556497573	0.37918161211534834	0.0	0.4105074555350976	0.6073204639018511	0.5740775858769968	0.6635130213825811	0.7444542890802651	0.5319025996903443	0.7853565890202145	0.7086428148898577	0.5812109558679539	0.7018490717327147	0.6260273644033183	0.5762596621070806	0.4939714901477165	0.6272198138305751	0.6284831086508849	0.7307723582250347	0.6062132454610192	0.657101975500992	0.6875365031448362	0.8331798326753563	0.6117599283003482	0.7527890541649535	0.5190861166714644	0.746371570784991	0.545625443986469	0.5391431497484963	0.7822839988152851	0.7695029859081717	0.7206763951379239	0.8385600575885402	0.46701353925881384	0.7351460435020273	0.9889846394187647	0.37377650529455875	0.21241377837023873	0.31672772850665015	0.26094393517334563	0.2516137934047276	0.45500415583780296	0.3500966535104934	0.3886246349912823	0.2843141345210217	0.33587837797976133
Mut749F	0.4815325759768218	0.5759218536608135	0.6284067907096785	0.5418594674987027	0.9073644360895794	0.3919361724716045	0.1705404364922838	0.3083993349191129	0.41124157698358077	0.4629916884381277	0.35012924304269544	0.3851174196775436	0.37084334964726745	0.4105074555350976	0.0	0.3912443621947319	0.40125044262093007	0.3767107656138061	0.5606848071688052	0.6031960490582259	0.6644588307308389	0.6298418581993489	0.44941091181644677	0.5057660633482474	0.45523458839566744	0.43846213803813006	0.518147855014132	0.5491455757197957	0.5333211133252017	0.642481249706992	0.5032516174122031	0.5781905736388884	0.5959071335772421	0.7065880030816172	0.4957891882569653	0.6286748489510888	0.4469816574048402	0.6969656356043269	0.4360633467110143	0.6222910425787882	0.7297565094039709	0.6362361835053574	0.6446430081433252	0.709014936558765	0.428849055352598	0.7202178044040726	0.8719242361305976	0.34198769247565686	0.33259051458462696	0.3878807453919671	0.4012541190317294	0.4310998164563468	0.29053777114875484	0.350696965399531	0.5050767898082066	0.41296114292440117	0.23166271846060946
No.DSS.1	0.34726770968603293	0.4374108127483182	0.48514531220890744	0.479500289804027	0.9218703873581579	0.595725760019647	0.37669643182596635	0.5234948641635947	0.6226699109540282	0.6277231428506306	0.510384417696811	0.4264420530764533	0.4747541674637807	0.6073204639018511	0.3912443621947319	0.0	0.21798331714041227	0.2617121101686886	0.38641647746553653	0.4230112437959934	0.6287264491640808	0.5490385289142501	0.3722499499050342	0.4201665623897301	0.27616402863757533	0.3717788892302789	0.4888303775823428	0.5161503337918615	0.39020327615488754	0.5259982940812257	0.46657426609667746	0.5071413290020436	0.5038512139107582	0.6784946253082577	0.5743495230493058	0.5912254093118433	0.4320139925527029	0.6207278868926268	0.33291561486836607	0.5753541221451529	0.6757702273539621	0.5733902013666492	0.5547307854750873	0.6849184945205518	0.5086559792412018	0.717697017098544	0.8274303753549725	0.52254065494906	0.5460647906921727	0.5091488654389427	0.5930592130347458	0.5656295443681241	0.49817261374185745	0.4807694834268836	0.6263428809022284	0.5448029690907182	0.4238551903298593
No.DSS.2	0.3300790240638889	0.5106852018885485	0.5048881463248517	0.46834657233887145	0.9416625133356564	0.5379974096534142	0.36492846538407864	0.47818224412969673	0.5954479601100204	0.5944802648257763	0.45265606733057806	0.38499349636509905	0.43000260682038766	0.5740775858769968	0.40125044262093007	0.21798331714041227	0.0	0.24444503672420975	0.45331991259202664	0.30146572473903055	0.6714366612059378	0.6077348828910976	0.3473194858458421	0.4740803669505522	0.3366623333472897	0.3783461661649839	0.4218808669284517	0.5506946692663544	0.44338732217492044	0.6107259253868029	0.504120614837257	0.5288106115625133	0.5625475678876057	0.7003646758080166	0.6090720890776642	0.6489142092294635	0.4512032747315039	0.6972616952480795	0.3065034254715694	0.5049034740210563	0.7409992697697024	0.5808274839635968	0.6082972139178059	0.722671275255967	0.5007079019399399	0.7658621993536748	0.8824366871092809	0.48934603861881587	0.49858947057392594	0.48153270561731487	0.5353308626685129	0.5535369277553336	0.5496743864013	0.45476652517874705	0.6906908328060902	0.4966644059245784	0.37673757159266036
No.DSS.3	0.38098868070713554	0.454210023534439	0.5018605094410714	0.3467876405274689	0.8426643041069171	0.6285530354813973	0.32851620645667834	0.5687378699576796	0.6860035859380038	0.6839157003313604	0.5562878396022458	0.5005812247580526	0.5544177453549681	0.6635130213825811	0.3767107656138061	0.2617121101686886	0.24444503672420975	0.0	0.3991413214418571	0.4542195167902563	0.6567358851622793	0.6001192552167116	0.45985374676640134	0.4546281439395698	0.39556278617159923	0.45397018797515276	0.5633256837878906	0.5488185030983752	0.492375644762604	0.6111313975778533	0.5292843158742018	0.5539743125994582	0.5549319402132198	0.6973086679825575	0.5718049640988387	0.6472962932234897	0.497157307330809	0.688525877251294	0.41651631132211303	0.6463482908804951	0.7322634517729171	0.5596214564924465	0.6043190109756675	0.7252259809173779	0.5585472586597664	0.7816343361977488	0.8394661315076394	0.5038443451037088	0.5568235769972597	0.5971204340102682	0.6389626349401809	0.6429723632609177	0.5215366025554137	0.5583982974504148	0.7215692930736493	0.5942475728535404	0.45102393441638006
No.DSS.4	0.438929308692847	0.4228890461779213	0.38268573911122516	0.286484531479457	0.7352983060535365	0.7523638601226569	0.5482789664053711	0.6860309124124706	0.7662318646133536	0.7648569680290446	0.7315150335692974	0.6835560755887529	0.7347645326626128	0.7444542890802651	0.5606848071688052	0.38641647746553653	0.45331991259202664	0.3991413214418571	0.0	0.7015666777797529	0.4838930605926089	0.4830977648451583	0.6327708115560068	0.41012801831897827	0.5039254052750752	0.641903041595109	0.7518069784135625	0.48804223274475167	0.6250768769479583	0.4742712686026127	0.538724183669259	0.5065258645329361	0.5043983228147509	0.5372667682653776	0.46741728540974836	0.5132127356114601	0.5920710875990127	0.5305043075161565	0.5925862263315425	0.8330629069394333	0.5575149573104189	0.3999526819757369	0.5090665033591346	0.6219950790613249	0.597648815175631	0.6919708567341639	0.6551660554289382	0.6339619163470267	0.6868036281557988	0.7315354340800777	0.782387679246968	0.7223775892120649	0.5989754535802916	0.7084841643227141	0.7244387225886255	0.6728800448259182	0.5963870940318488
No.DSS.5	0.4743640452628971	0.7033928288491941	0.7324290584980139	0.7073792333112935	1.1947769625108253	0.4388622074884369	0.5731774226350616	0.4548469577180243	0.524731871911369	0.6313206467381374	0.35352086516560066	0.41706254068138143	0.3657293639240597	0.5319025996903443	0.6031960490582259	0.4230112437959934	0.30146572473903055	0.4542195167902563	0.7015666777797529	0.0	0.8659318463645583	0.7144788831491166	0.43588068924312645	0.6694014370474128	0.4914754983699257	0.4368069033754668	0.3453311489627004	0.6786165390628396	0.521269252140705	0.7320694103467733	0.5996555281456494	0.6205841389929787	0.6692915681456245	0.9163787075678855	0.8060377553836537	0.8097818018641918	0.5539646714395658	0.8040056955060981	0.43813923824728673	0.32444313318537593	0.8477432700277212	0.7765216792609279	0.7233082367209637	0.9217589324810693	0.6979127454804005	0.8407453712120357	1.1345189857476747	0.691695483039919	0.49827478357219146	0.3663451130035882	0.44341939178290873	0.5705521511511288	0.7262117546660649	0.47046922225909155	0.7331172575324081	0.5986961675231363	0.5552792539472402
s.723141	0.6455582711298332	0.4599051449395269	0.4665522937045671	0.49615534570085607	0.6444142778739503	0.818058131780878	0.6654442283058738	0.75130061002678	0.839264132883567	0.8056114562730605	0.8163635610880037	0.7408391712642578	0.8159595202157691	0.7853565890202145	0.6644588307308389	0.6287264491640808	0.6714366612059378	0.6567358851622793	0.4838930605926089	0.8659318463645583	0.0	0.415558957411509	0.6525500645324811	0.4945367272384236	0.5985542210331019	0.6648633971951255	0.7861378282690644	0.46731681569568573	0.6648584057931424	0.4553458350036833	0.5425994541256299	0.5532415770441421	0.5068101037502978	0.34480412143105044	0.5346676342949666	0.3895068458394418	0.5463279963680264	0.4660111242712806	0.6072896753664409	0.8782645320028117	0.3458082065205262	0.37013794090751256	0.41787797757963613	0.5221858842487584	0.6304424323403317	0.6215401392503644	0.5784531246769584	0.7360214802265559	0.7522486670897112	0.8012671435979108	0.8263558226945649	0.7898937319721422	0.6865476166846661	0.7810377201468713	0.7847080737773241	0.7330778670881254	0.6915940571878731
s.723685	0.5397774090693146	0.44458850319919313	0.501687512044396	0.5204945668333217	0.8375568559163854	0.7018959895978796	0.631030254530039	0.6183004018006043	0.7296400639224111	0.728672368638167	0.6658873928306764	0.6290207296027295	0.665483351958442	0.7086428148898577	0.6298418581993489	0.5490385289142501	0.6077348828910976	0.6001192552167116	0.4830977648451583	0.7144788831491166	0.415558957411509	0.0	0.531975325040721	0.40172978768296386	0.4649040804075341	0.40598338741063955	0.6325046772264912	0.40682755724670905	0.3719095737265002	0.22217896845302795	0.40697009269445256	0.34055729420340924	0.2198560730998123	0.392865007859604	0.5532074957350163	0.34851730380889523	0.39510097316286946	0.23755765921585884	0.4590040489444753	0.69982631910117	0.30578894120403144	0.3263380576927678	0.2363797861723328	0.6127715810757701	0.6472997492807461	0.6354421801063358	0.7785392415043743	0.7373612180237239	0.6948401572882711	0.6697957080834895	0.7232401514169099	0.6802642782280357	0.6650364661352021	0.6305615518895442	0.7077689861424302	0.68874550373037	0.6537107404369369
s.725876	0.48703562699291547	0.5822734398147791	0.638515891419893	0.6632457424135051	1.029483337669455	0.5742644209295718	0.43633687914322233	0.4844623139950046	0.6110376928848864	0.6035373091617497	0.49577519077393994	0.4089739440472071	0.44528957821345055	0.5812109558679539	0.44941091181644677	0.3722499499050342	0.3473194858458421	0.45985374676640134	0.6327708115560068	0.43588068924312645	0.6525500645324811	0.531975325040721	0.0	0.46193776146814347	0.3547482510973744	0.2366191531028364	0.2863992094110202	0.5618831240045037	0.26664623548675404	0.5244621807431461	0.47746985504952955	0.5333996309100033	0.4269881229932745	0.6680417158940961	0.6267466927373458	0.5910643857085162	0.3336087730211992	0.5974792260107581	0.23466326403601004	0.32897080011018537	0.6371796988685512	0.5983148354423268	0.567676732391829	0.7347299595839387	0.5817407909708355	0.7556725650144341	0.9636129722805631	0.5542711761274982	0.5289242007458568	0.47280172092580597	0.5499351955613794	0.5513925321382079	0.5913514141297305	0.4703702609822399	0.6887725723373213	0.5266768958779888	0.4432174586659206
s.729697	0.4322643810599811	0.43426925442742814	0.445632485358107	0.4511849665783309	0.8375247162396026	0.618641221869992	0.46662738854043484	0.5727883583656285	0.6941239217771418	0.7206147859662531	0.5829755110276025	0.565232152434942	0.6100634911795951	0.7018490717327147	0.5057660633482474	0.4201665623897301	0.4740803669505522	0.4546281439395698	0.41012801831897827	0.6694014370474128	0.4945367272384236	0.40172978768296386	0.46193776146814347	0.0	0.3932731173777239	0.4215518641403456	0.5896773858680688	0.41345398467006866	0.4892376588263081	0.40915022406122187	0.3967949694046747	0.40034379066676107	0.38886254513480345	0.462382503536229	0.4126714990218018	0.4100938113379789	0.4606004214593236	0.4988891218049418	0.39102945390252	0.6576336270564287	0.5583093515261454	0.38714124369510583	0.44931398734214206	0.5466884994672829	0.5267989895793417	0.6576049223530498	0.784510154320528	0.6423711617220972	0.6465902672319832	0.6601213205355213	0.6794410702995249	0.6653950641201283	0.543347316228494	0.5744831616105307	0.658523564260483	0.6354149514797534	0.545350231077344
s.732181	0.309866325554514	0.45278920182045534	0.5039995229822336	0.5473371208321329	0.9112024172017037	0.5941462459971946	0.4319728182029007	0.5115927537600342	0.6187010257848177	0.6464300433520979	0.5088049036743582	0.45043257204795295	0.4534706306861025	0.6260273644033183	0.45523458839566744	0.27616402863757533	0.3366623333472897	0.39556278617159923	0.5039254052750752	0.4914754983699257	0.5985542210331019	0.4649040804075341	0.3547482510973744	0.3932731173777239	0.0	0.3258225368880466	0.45269269637549797	0.41952107449035514	0.37386459128015403	0.47623628530666384	0.3366782345895401	0.41883124603045785	0.41538977962761786	0.6485550341058368	0.5247065366788988	0.4721145411538677	0.4071258783243221	0.5547509553025038	0.3021482259389869	0.5392164409383078	0.6090210361931808	0.5782032145295769	0.5016486340737631	0.6029196583327491	0.4759520457791652	0.6457974322307063	0.8656075570724451	0.6068609521025701	0.5659803844173348	0.5400205573654785	0.5809575261639097	0.5980219529419671	0.5117455423609613	0.47936190545945556	0.5905068329739124	0.5626978077161265	0.486698795646257
s.735191	0.4609471082909934	0.5888650169692454	0.6433437693822712	0.6718725276726155	1.0252674826478418	0.516221519925876	0.41947766526516983	0.4239282885823684	0.5529947918811903	0.5946626253402132	0.43652200576998157	0.37527661776163523	0.3837493296558733	0.5762596621070806	0.43846213803813006	0.3717788892302789	0.3783461661649839	0.45397018797515276	0.641903041595109	0.4368069033754668	0.6648633971951255	0.40598338741063955	0.2366191531028364	0.4215518641403456	0.3258225368880466	0.0	0.3639389367412657	0.4877837385364121	0.18280603801863032	0.43184377019326564	0.41523527452750497	0.42477357429941887	0.3171077228595222	0.6141646326631296	0.5905094761263007	0.5319989659681996	0.27285039572562847	0.48293355918639014	0.2094256684296076	0.3732288135808417	0.5682036575720917	0.5638941169935071	0.44287428230446424	0.725580710691535	0.5677444381002347	0.6937113009809797	0.972252920728767	0.6043590287849977	0.5640835950206705	0.4710275668246556	0.5286842044162683	0.5425178483166718	0.5520743814967665	0.41465252869231634	0.5948069015039944	0.5547357604324167	0.4857650688253008
s.736540	0.5406867807147003	0.6876727122724133	0.7474003265578751	0.7750519491821326	1.1370717778052906	0.4482489607669313	0.4898899332938206	0.39983410473154624	0.4978286254937479	0.6025867869557401	0.3732122922867153	0.388721795976152	0.357043560540957	0.4939714901477165	0.518147855014132	0.4888303775823428	0.4218808669284517	0.5633256837878906	0.7518069784135625	0.3453311489627004	0.7861378282690644	0.6325046772264912	0.2863992094110202	0.5896773858680688	0.45269269637549797	0.3639389367412657	0.0	0.628985196172653	0.41410444437094496	0.6499926070577501	0.5175907759340308	0.6401823055941103	0.5425175456533754	0.8139474749491167	0.7433743419112001	0.7122410554864307	0.4805740508683354	0.7149376015822667	0.29340974072573206	0.26844107256962824	0.7841449760490206	0.756841574036696	0.6918105422381124	0.8374255218579167	0.6713442086661185	0.8248857881794281	1.0777341008552908	0.6349105981475354	0.42979374759461	0.3533500718022518	0.4214286109897986	0.5212098907027317	0.6545394839582992	0.4210953145964942	0.7172576744998004	0.5275489774763494	0.4672315690194791
s.736806	0.43289304097738635	0.5002503958863677	0.544024745848456	0.5112832442127043	0.829515986550367	0.6173732733877042	0.543992851325609	0.5435142065931104	0.6473935139302582	0.6459959022641781	0.6021662750012866	0.5913296537958066	0.6030077963335222	0.6272198138305751	0.5491455757197957	0.5161503337918615	0.5506946692663544	0.5488185030983752	0.48804223274475167	0.6786165390628396	0.46731681569568573	0.40682755724670905	0.5618831240045037	0.41345398467006866	0.41952107449035514	0.4877837385364121	0.628985196172653	0.0	0.513275173692471	0.40936126975798054	0.280919079342025	0.33309330575743107	0.42875087213597507	0.48108266322709076	0.45272325927519624	0.4004540548877519	0.4280043831849048	0.48075901115032066	0.46813975896831284	0.6841805689637018	0.49488946227076686	0.49648538987978746	0.4509498714287967	0.4184007417811697	0.4895658160819079	0.499481876853511	0.7802727156835941	0.644817174394963	0.6104830833172493	0.6150630154518003	0.6522101934683956	0.6209300982458521	0.5361983285300235	0.5766966978566427	0.5871538295828947	0.6123323787385276	0.5832677309390769
s.742443	0.5065920691515702	0.5841663419652665	0.6318165433722546	0.6550463630254649	1.0287453983479116	0.6199992224022498	0.5206112718612539	0.5277059910587423	0.6567724943575642	0.6468860718840176	0.5455986468834891	0.4624211534150939	0.49635859652747005	0.6284831086508849	0.5333211133252017	0.39020327615488754	0.44338732217492044	0.492375644762604	0.6250768769479583	0.521269252140705	0.6648584057931424	0.3719095737265002	0.26664623548675404	0.4892376588263081	0.37386459128015403	0.18280603801863032	0.41410444437094496	0.513275173692471	0.0	0.3814200558784328	0.4785623124112673	0.48335961826946255	0.23489647497470056	0.5980407045237682	0.6370454012720379	0.5693998940877026	0.33442788679514646	0.3797241820305056	0.2866882726200095	0.4472149589097974	0.5027052092113053	0.5000679079638688	0.37828608152391147	0.7506529472501228	0.620305112760929	0.7340923145962022	0.9554267560816168	0.6505126831425818	0.6252257687537772	0.52325101336846	0.6111441425210087	0.5947412948604761	0.620643389522583	0.5214392792962593	0.6684381476568045	0.6158779341655235	0.5469072425584076
s.748485	0.552434147639585	0.4515704293234257	0.5096769922278559	0.5509656575185876	0.8397707836705862	0.7153694605027441	0.6452962365528585	0.6270289856328756	0.7521427324580583	0.7511750371738141	0.6768108485405785	0.6353456170879728	0.6764068076683439	0.7307723582250347	0.642481249706992	0.5259982940812257	0.6107259253868029	0.6111313975778533	0.4742712686026127	0.7320694103467733	0.4553458350036833	0.22217896845302795	0.5244621807431461	0.40915022406122187	0.47623628530666384	0.43184377019326564	0.6499926070577501	0.40936126975798054	0.3814200558784328	0.0	0.4403193363099863	0.42948213621147824	0.24737469215467084	0.36546828175813756	0.5700919670481128	0.40566956814905486	0.44528610098345883	0.22005818137741276	0.48258576648965196	0.7089695198836987	0.2806839645913678	0.3377358440008578	0.21641874070682054	0.6094451259678803	0.6632240329798788	0.6638750605958019	0.7923809173704588	0.7532855017228562	0.7140356277117088	0.6865223600187068	0.7375601505215862	0.6853447520778961	0.6809607498343347	0.6308776566403138	0.7302716546780775	0.7008941853470912	0.6550086346735687
s.758414	0.3045576260073027	0.5020060746452237	0.5406392325535568	0.5772591864545632	0.9132981268676396	0.5702144121307786	0.5073012730617813	0.49170266885318936	0.6052855577221796	0.638089574584635	0.5232052640840964	0.5181939869792108	0.5160215440214942	0.6062132454610192	0.5032516174122031	0.46657426609667746	0.504120614837257	0.5292843158742018	0.538724183669259	0.5996555281456494	0.5425994541256299	0.40697009269445256	0.47746985504952955	0.3967949694046747	0.3366782345895401	0.41523527452750497	0.5175907759340308	0.280919079342025	0.4785623124112673	0.4403193363099863	0.0	0.2182299305354259	0.4035906259910443	0.5544111059399256	0.508575059545785	0.4596683717825725	0.4134128693573512	0.5007599516149676	0.37640886762981807	0.6171311552743496	0.5604181752624416	0.5277187763706519	0.440673317614397	0.45928869252882415	0.46159916174665866	0.4920631324287421	0.8649751558140177	0.6369220631298916	0.5683173617643921	0.5601969343756465	0.5936494575152546	0.5776734236906212	0.49348703970307223	0.49822147101483083	0.5391526747257278	0.5754959777654373	0.5411991797962769
s.763057	0.3477578659050056	0.5466593173956249	0.5617723188732566	0.5550940425432996	0.9436321480939849	0.6055488727054441	0.5608509556722919	0.562228521860753	0.6654529944716966	0.6791466373677559	0.570565284200997	0.5457258145789496	0.6009096584462248	0.657101975500992	0.5781905736388884	0.5071413290020436	0.5288106115625133	0.5539743125994582	0.5065258645329361	0.6205841389929787	0.5532415770441421	0.34055729420340924	0.5333996309100033	0.40034379066676107	0.41883124603045785	0.42477357429941887	0.6401823055941103	0.33309330575743107	0.48335961826946255	0.42948213621147824	0.2182299305354259	0.0	0.41438512763250185	0.5797146714563053	0.5329633066043538	0.41715049045278285	0.4344005073332278	0.4704727728042741	0.4697394636896918	0.6845239884990704	0.5170759136391634	0.46156765832108587	0.43049790062873794	0.468304853954016	0.505467880925374	0.5002868153943572	0.8953091770403632	0.6928256443624976	0.6432993178994055	0.6230266290374219	0.6719142702189623	0.6362690661202399	0.5639182605581681	0.5596647433464025	0.5993201114752441	0.6421948219506892	0.6186882894882825
s.769399	0.50902112921194	0.4867452629416744	0.5314924953757413	0.5565373516394967	0.8991954594464221	0.6743913269948836	0.6004884333021531	0.5904935958259445	0.7051408487831685	0.7041731534989243	0.6291613470667691	0.5799262347667792	0.6163888571224915	0.6875365031448362	0.5959071335772421	0.5038512139107582	0.5625475678876057	0.5549319402132198	0.5043983228147509	0.6692915681456245	0.5068101037502978	0.2198560730998123	0.4269881229932745	0.38886254513480345	0.41538977962761786	0.3171077228595222	0.5425175456533754	0.42875087213597507	0.23489647497470056	0.24737469215467084	0.4035906259910443	0.41438512763250185	0.0	0.43061420641001624	0.5463223576273861	0.4355692945068203	0.3558981259248543	0.26403317368102475	0.361823208542569	0.5782947149730554	0.3442769036439919	0.3778934109171896	0.2715466460981009	0.6522309407059254	0.6228005341415035	0.6746261523698779	0.8445048308108359	0.7128620028844811	0.6771267489374704	0.6376272963404271	0.6791267166121402	0.6610640017259272	0.6405372509959598	0.6000197306616583	0.6832697710031876	0.6642462885911277	0.6113636185112116
s.770073	0.6982109966732267	0.5458242943739084	0.601452557740044	0.579418787338823	0.675732661096429	0.8527442991492659	0.7028647817375976	0.7945774398862094	0.8580492254218225	0.8309292372502086	0.863880037416987	0.8316825606619327	0.8634759965447524	0.8331798326753563	0.7065880030816172	0.6784946253082577	0.7003646758080166	0.6973086679825575	0.5372667682653776	0.9163787075678855	0.34480412143105044	0.392865007859604	0.6680417158940961	0.462382503536229	0.6485550341058368	0.6141646326631296	0.8139474749491167	0.48108266322709076	0.5980407045237682	0.36546828175813756	0.5544111059399256	0.5797146714563053	0.43061420641001624	0.0	0.516390716167487	0.41597169010263296	0.541484141603342	0.38509956650780863	0.6166076006565225	0.892499773792526	0.3240402481444725	0.2252835897908902	0.36640496727056304	0.4996587845618057	0.6596369692007757	0.6247505818809709	0.6323253983462586	0.7330713933405252	0.7858611913896263	0.8553163083657868	0.8427132406512128	0.8390631251944881	0.7013876799443252	0.8285541964758544	0.7904116350889446	0.7513897454371691	0.7096760389435437
s.775823	0.5493997110469035	0.510143172645656	0.546818607614438	0.5316228815511455	0.787275404919429	0.6250347043517424	0.5113339875279272	0.5494803670351165	0.5894927276851186	0.6094569658485929	0.6140141053433624	0.6811608261248162	0.6499620865875108	0.6117599283003482	0.4957891882569653	0.5743495230493058	0.6090720890776642	0.5718049640988387	0.46741728540974836	0.8060377553836537	0.5346676342949666	0.5532074957350163	0.6267466927373458	0.4126714990218018	0.5247065366788988	0.5905094761263007	0.7433743419112001	0.45272325927519624	0.6370454012720379	0.5700919670481128	0.508575059545785	0.5329633066043538	0.5463223576273861	0.516390716167487	0.0	0.5501705635987569	0.5688516092288494	0.6147856496520464	0.608996177474191	0.8184866644796424	0.6162690052178345	0.4762875888737028	0.5698808845683292	0.5248515295356726	0.4424223512665175	0.6006529590801724	0.7395611644303225	0.5032246823864838	0.5812341490077323	0.6946195448886283	0.599661727062356	0.633222441347884	0.37343049682771884	0.5719415313377773	0.45022371415455414	0.532219645698004	0.5060093522482945
s.775839	0.5554187625103899	0.5158560258598816	0.5813214828889386	0.5643375158440475	0.7453069008800015	0.7489839029912161	0.6269330336450755	0.6785874851510196	0.7765130191248297	0.7751154074587494	0.7344664379304866	0.7091266291629778	0.7340623970582519	0.7527890541649535	0.6286748489510888	0.5912254093118433	0.6489142092294635	0.6472962932234897	0.5132127356114601	0.8097818018641918	0.3895068458394418	0.34851730380889523	0.5910643857085162	0.4100938113379789	0.4721145411538677	0.5319989659681996	0.7122410554864307	0.4004540548877519	0.5693998940877026	0.40566956814905486	0.4596683717825725	0.41715049045278285	0.4355692945068203	0.41597169010263296	0.5501705635987569	0.0	0.5060926985648054	0.42175000507951077	0.5329089332153113	0.7825163925794194	0.38123237580938957	0.4344169118034638	0.4297778226648935	0.47077091015237676	0.6140812228273286	0.5545628794741152	0.6969839298263798	0.7296806644675978	0.6833122550421118	0.7448720539720598	0.7684855492671437	0.7480878495931903	0.6383865674863026	0.6991405969893542	0.7352426798702391	0.681064950174244	0.6656444065463378
